0 0.013174 -0.000811 0.081153 0 0 0
0.2 0.02237 0.000356 0.40394 0 0 0
0.4 -0.041315 -0.086419 0.086091 0 0 0
0.6 -0.004514 -0.17807 0.070803 0 0 0
0.8 -0.082441 -0.26343 0.12776 0 0 0
1 -0.039115 -0.21148 0.41807 0 0 0
1.2 0.037223 -0.1711 0.25815 0 0 0
1.4 0.069838 -0.085089 0.3349 0 0 0
1.6 -0.027294 -0.14981 -0.039353 0 0 0
1.8 -0.052339 -0.12205 0.19978 0 0 0
2 -0.13569 -0.066881 0.20824 0 0 0
2.2 -0.074362 -0.023044 0.21573 0 0 0
2.4 -0.046242 0.010251 0.4674 0 0 0
2.6 -0.029278 0.03858 0.50079 0 0 0
2.8 -0.085062 0.050016 0.51556 0 0 0
3 -0.051478 0.052603 0.27839 0 0 0
3.2 -0.019698 0.084352 0.25295 0 0 0
3.4 -0.057961 0.1278 0.21067 0 0 0
3.6 -0.12598 0.14441 0.14878 0 0 0
3.8 -0.058714 0.18501 0.13627 0 0 0
4 0.019439 0.25703 0.77693 0 0 0
4.2 0.041133 0.22299 0.61306 0 0 0
4.4 -0.021997 0.12821 0.48721 0 0 0
4.6 -0.069173 0.075619 0.33424 0 0 0
4.8 -0.034442 0.02056 0.2162 0 0 0
5 -0.057206 0.047344 0.25774 0 0 0
5.2 -0.06828 0.039758 0.38653 0 0 0
5.4 -0.072974 0.016771 0.41314 0 0 0
5.6 -0.10949 0.01704 0.33728 0 0 0
5.8 -0.10076 0.039878 0.52249 0 0 0
6 -0.14882 0.012997 0.49409 0 0 0
6.2 -0.096564 -0.023621 0.27115 0 0 0
6.4 -0.043197 -0.031304 0.4568 0 0 0
6.6 -0.080503 -0.063772 0.5817 0 0 0
6.8 -0.15315 -0.001985 0.4738 0 0 0
7 -0.086128 0.001088 0.58247 0 0 0
7.2 -0.009096 -0.00133 0.6218 0 0 0
7.4 0.072597 -0.039517 0.67936 0 0 0
7.6 -0.04476 -0.068302 0.27852 0 0 0
7.8 -0.058222 -0.073046 0.53346 0 0 0
8 -0.035701 0.00237 0.44055 0 0 0
8.2 -0.13167 0.059375 -0.12743 0 0 0
8.4 -0.16449 -0.047139 0.10392 0 0 0
8.6 -0.054486 -0.22858 0.14681 0 0 0
8.8 -0.043169 -0.33609 0.15282 0 0 0
9 0.040412 -0.43105 0.50044 0 0 0
9.2 -0.038292 -0.42634 0.59892 0 0 0
9.4 -0.11318 -0.42442 0.3572 0 0 0
9.6 -0.015418 -0.4084 0.40555 0 0 0
9.8 -0.020537 -0.43342 0.39381 0 0 0
10 -0.066826 -0.47063 0.39623 0 0 0
10.2 -0.058916 -0.45966 0.42956 0 0 0
10.4 -0.041778 -0.40056 0.45463 0 0 0
10.6 -0.034927 -0.39056 0.50397 0 0 0
10.8 -0.035083 -0.41892 0.54375 0 0 0
11 -0.11963 -0.38764 0.30095 0 0 0
11.2 0.028472 -0.33407 0.33622 0 0 0
11.4 -0.018265 -0.31409 0.2025 0 0 0
11.6 -0.10772 -0.34502 0.34568 0 0 0
11.8 -0.053465 -0.33845 0.70138 0 0 0
12 -0.0093 -0.27815 0.77051 0 0 0
12.2 -0.031766 -0.28849 0.80734 0 0 0
12.4 -0.099435 -0.34544 0.43235 0 0 0
12.6 -0.076503 -0.40549 0.26799 0 0 0
12.8 -0.060637 -0.39545 0.3733 0 0 0
13 -0.089793 -0.38443 0.16962 0 0 0
13.2 -0.061564 -0.42394 0.13269 0 0 0
13.4 0.000365 -0.44225 0.32694 0 0 0 
13.6 -0.005608 -0.4501 0.41096 0 0 0
13.8 -0.092187 -0.43986 -0.08195 0 0 0
14 -0.06357 -0.44147 0.012071 0 0 0
14.2 -0.083327 -0.45497 0.053458 0 0 0
14.4 -0.10809 -0.49888 0.097142 0 0 0
14.6 -0.10997 -0.61988 0.14172 0 0 0
14.8 -0.034732 -0.75519 0.47169 0 0 0
15 0.017384 -0.87172 0.48101 0 0 0
15.2 -0.095577 -0.93551 0.37773 0 0 0
15.4 -0.13511 -0.92509 -0.14049 0 0 0
15.6 -0.087128 -0.92978 -0.10614 0 0 0
15.8 -0.1196 -0.93557 -0.076813 0 0 0
16 -0.081563 -0.96718 0.048131 0 0 0
16.2 -0.044738 -0.99242 0.066012 0 0 0
16.4 -0.082105 -0.99357 0.077437 0 0 0
16.6 -0.10057 -0.98695 0.065198 0 0 0
16.8 -0.080492 -1.0058 -0.005357 0 0 0
17 -0.000349 -1.1381 0.14909 0 0 0
17.2 -0.14389 -1.1246 -0.14213 0 0 0
17.4 -0.16322 -1.0815 -0.13347 0 0 0
17.6 -0.099589 -1.0739 -0.26151 0 0 0
17.8 -0.13435 -1.1593 -0.60772 0 0 0
18 -0.15051 -1.1607 -0.28818 0 0 0
18.2 -0.09968 -1.201 -0.33402 0 0 0
18.4 -0.10456 -1.1668 -0.48794 0 0 0
18.6 -0.1016 -1.2211 -0.49416 0 0 0
18.8 -0.051479 -1.303 -0.50313 0 0 0
19 -0.05789 -1.3831 -0.73262 0 0 0
19.2 -0.022211 -1.5103 -0.80553 0 0 0
19.4 -0.051024 -1.5647 -0.77334 0 0 0
19.6 -0.039889 -1.6162 -0.77125 0 0 0
19.8 -0.049504 -1.5939 -0.84145 0 0 0
20 -0.087336 -1.5758 -0.7758 0 0 0
20.2 -0.088153 -1.5617 -0.79878 0 0 0
20.4 -0.05016 -1.5567 -0.77021 0 0 0
20.6 -0.024493 -1.4649 -0.60726 0 0 0
20.8 -0.09679 -1.4565 -0.88988 0 0 0
21 -0.082021 -1.4971 -0.92041 0 0 0
21.2 -0.14514 -1.5044 -0.85308 0 0 0
21.4 -0.12184 -1.4809 -0.85829 0 0 0
21.6 -0.092707 -1.4366 -0.69306 0 0 0
21.8 -0.16187 -1.446 -0.78026 0 0 0
22 -0.15069 -1.4621 -0.68299 0 0 0
22.2 -0.1664 -1.4722 -0.50121 0 0 0
22.4 -0.11418 -1.4781 -0.25091 0 0 0
22.6 -0.1376 -1.4679 -0.28278 0 0 0
22.8 -0.18474 -1.4449 -0.56688 0 0 0
23 -0.23511 -1.431 -0.72817 0 0 0
23.2 -0.20713 -1.4296 -0.34345 0 0 0
23.4 -0.24876 -1.4964 -0.4542 0 0 0
23.6 -0.2617 -1.4306 -0.42094 0 0 0
23.8 -0.26066 -1.3732 -0.56375 0 0 0
24 -0.21318 -1.3436 -0.40534 0 0 0
24.2 -0.24591 -1.4145 -0.50631 0 0 0
24.4 -0.27243 -1.4387 -0.4695 0 0 0
24.6 -0.31781 -1.4586 -0.69085 0 0 0
24.8 -0.2897 -1.5598 -0.65344 0 0 0
25 -0.2409 -1.5236 -0.61993 0 0 0
25.2 -0.19484 -1.5222 -0.80558 0 0 0
25.4 -0.12212 -1.5689 -0.79542 0 0 0
25.6 -0.15792 -1.4934 -1.0968 0 0 0
25.8 -0.1157 -1.5245 -1.1377 0 0 0
26 -0.16168 -1.5488 -0.91254 0 0 0
26.2 -0.17223 -1.5469 -1.0443 0 0 0
26.4 -0.17039 -1.6135 -1.0346 0 0 0
26.6 -0.099027 -1.6666 -0.9736 0 0 0
26.8 -0.16579 -1.6666 -1.1527 0 0 0
27 -0.25677 -1.6628 -1.3504 0 0 0
27.2 -0.19576 -1.7363 -1.3642 0 0 0
27.4 -0.14029 -1.8241 -1.4388 0 0 0
27.6 -0.19321 -1.9014 -1.3975 0 0 0
27.8 -0.19132 -1.9635 -1.6398 0 0 0
28 -0.17278 -1.9722 -1.4689 0 0 0
28.2 -0.14918 -2.0808 -1.5474 0 0 0
28.4 -0.13729 -2.0961 -1.6819 0 0 0
28.6 -0.10884 -2.1728 -1.7842 0 0 0
28.8 -0.18068 -2.1876 -1.916 0 0 0
29 -0.14335 -2.2816 -2.2033 0 0 0
29.2 -0.070115 -2.3303 -2.0144 0 0 0
29.4 -0.040686 -2.3617 -1.8955 0 0 0
29.6 -0.072766 -2.3516 -1.7796 0 0 0
29.8 -0.015863 -2.3094 -1.8503 0 0 0
30 -0.030782 -2.1139 -1.947 0 0 0
30.2 -0.045604 -2.0737 -2.078 0 0 0
30.4 -0.018038 -2.0592 -2.011 0 0 0
30.6 -0.001259 -2.11 -1.9259 0 0 0
30.8 0.024398 -2.1731 -1.8375 0 0 0
31 0.037653 -2.1861 -1.9901 0 0 0
31.2 -0.014565 -2.0531 -2.1578 0 0 0
31.4 0.035718 -2.0604 -1.8423 0 0 0
31.6 0.020015 -2.0434 -1.9044 0 0 0
31.8 -0.056023 -1.9958 -2.1705 0 0 0
32 -0.039918 -1.9855 -2.1289 0 0 0
32.2 -0.023996 -1.956 -1.8272 0 0 0
32.4 -0.077324 -2.0273 -1.746 0 0 0
32.6 -0.065643 -2.1187 -1.897 0 0 0
32.8 0.039946 -2.1969 -1.6421 0 0 0
33 0.071227 -2.2407 -1.5328 0 0 0
33.2 -0.042868 -2.2146 -2.1363 0 0 0
33.4 -0.079781 -2.1603 -1.7317 0 0 0
33.6 -0.030505 -2.1894 -1.6742 0 0 0
33.8 -0.061064 -2.1878 -1.7649 0 0 0
34 -0.046724 -2.2519 -1.8762 0 0 0
34.2 -0.082787 -2.2611 -1.9035 0 0 0
34.4 -0.087147 -2.2534 -1.8362 0 0 0
34.6 -0.1452 -2.2179 -1.7832 0 0 0
34.8 -0.14823 -2.2806 -1.9858 0 0 0
35 -0.13955 -2.3611 -1.9045 0 0 0
35.2 -0.10869 -2.4037 -2.0071 0 0 0
35.4 -0.13847 -2.4391 -2.1906 0 0 0
35.6 -0.11699 -2.5157 -2.1584 0 0 0
35.8 -0.083059 -2.6488 -2.104 0 0 0
36 -0.087439 -2.7486 -2.1748 0 0 0
36.2 -0.076852 -2.7797 -2.2843 0 0 0
36.4 -0.10779 -2.7879 -2.435 0 0 0
36.6 -0.097025 -2.79 -2.6248 0 0 0
36.8 -0.12656 -2.7742 -2.5163 0 0 0
37 -0.11563 -2.771 -2.6597 0 0 0
37.2 -0.070513 -2.7802 -2.7967 0 0 0
37.4 -0.083614 -2.7175 -2.6202 0 0 0
37.6 -0.042692 -2.7177 -2.8747 0 0 0
37.8 0.010549 -2.7386 -2.9812 0 0 0
38 0.003691 -2.8448 -2.9997 0 0 0
38.2 -0.003058 -2.8008 -2.8549 0 0 0
38.4 -0.021781 -2.7744 -2.8453 0 0 0
38.6 -0.045612 -2.7694 -2.9525 0 0 0
38.8 -0.070684 -2.7187 -2.943 0 0 0
39 0.000792 -2.752 -2.8846 0 0 0
39.2 -0.012751 -2.7735 -3.1786 0 0 0
39.4 -0.024828 -2.7437 -3.1112 0 0 0
39.6 -0.011181 -2.7018 -3.0288 0 0 0
39.8 -0.005796 -2.7188 -3.106 0 0 0
40 -0.014695 -2.7428 -2.9979 0 0 0
40.2 0.04945 -2.8436 -3.1125 0 0 0
40.4 0.03633 -2.9767 -3.3076 0 0 0
40.6 0.057629 -2.9996 -3.0123 0 0 0
40.8 0.077932 -3.0375 -3.074 0 0 0
41 0.043407 -3.0962 -3.291 0 0 0
41.2 0.019431 -3.1091 -3.323 0 0 0
41.4 -0.02396 -3.0736 -3.3514 0 0 0
41.6 -0.017274 -3.0491 -3.4037 0 0 0
41.8 -0.002284 -3.0573 -3.4543 0 0 0
42 -0.006165 -3.0373 -3.4364 0 0 0
42.2 -0.00817 -2.9847 -3.7836 0 0 0
42.4 -0.061566 -2.944 -3.7454 0 0 0
42.6 -0.053345 -2.9444 -3.7143 0 0 0
42.8 -0.025436 -2.9689 -3.4735 0 0 0
43 -0.036707 -2.9096 -3.3996 0 0 0
43.2 -0.06089 -2.8668 -3.4226 0 0 0
43.4 -0.058305 -2.8262 -3.5021 0 0 0
43.6 -0.033634 -2.8117 -3.4125 0 0 0
43.8 -0.047239 -2.8059 -3.4314 0 0 0
44 -0.003306 -2.7841 -3.4833 0 0 0
44.2 -0.009909 -2.8033 -3.4192 0 0 0
44.4 0.005041 -2.8457 -3.5164 0 0 0
44.6 0.018753 -2.9306 -3.4842 0 0 0
44.8 0.029645 -3.022 -3.4889 0 0 0
45 0.020586 -3.1017 -3.486 0 0 0
45.2 0.026416 -3.1463 -3.3889 0 0 0
45.4 0.010656 -3.1101 -3.6334 0 0 0
45.6 -0.010254 -3.0842 -3.6587 0 0 0
45.8 -0.003153 -3.045 -3.1568 0 0 0
46 -0.01555 -3.0395 -3.4427 0 0 0
46.2 -0.041063 -3.0297 -3.6263 0 0 0
46.4 -0.043817 -3.0301 -3.5788 0 0 0
46.6 -0.047458 -3.0579 -3.5716 0 0 0
46.8 -0.045801 -3.0272 -3.5879 0 0 0
47 -0.045684 -3.0172 -3.7025 0 0 0
47.2 -0.004705 -2.9766 -3.655 0 0 0
47.4 -0.054221 -2.9587 -3.7135 0 0 0
47.6 -0.073683 -2.9379 -3.78 0 0 0
47.8 -0.043054 -2.9237 -3.6798 0 0 0
48 -0.038029 -2.9483 -3.5986 0 0 0
48.2 -0.032854 -3.0186 -3.5369 0 0 0
48.4 -0.01597 -3.1442 -3.5563 0 0 0
48.6 -0.021899 -3.2999 -3.6703 0 0 0
48.8 -0.089104 -3.3128 -3.742 0 0 0
49 -0.082437 -3.2694 -3.755 0 0 0
49.2 -0.003831 -3.355 -3.8226 0 0 0
49.4 -0.018074 -3.3516 -3.8105 0 0 0
49.6 -0.064453 -3.2867 -3.9271 0 0 0
49.8 -0.061576 -3.2021 -4.0695 0 0 0
50 -0.060022 -3.2156 -3.851 0 0 0
50.2 -0.060614 -3.1496 -3.8008 0 0 0
50.4 -0.024666 -3.0939 -3.8615 0 0 0
50.6 -0.034587 -3.0527 -3.7358 0 0 0
50.8 -0.083748 -2.9945 -3.8944 0 0 0
51 -0.034922 -3.0212 -3.8285 0 0 0
51.2 -0.02523 -2.9851 -3.714 0 0 0
51.4 -0.003035 -2.9633 -3.873 0 0 0
51.6 0.040884 -2.9768 -3.8946 0 0 0
51.8 0.044622 -2.9959 -3.9404 0 0 0
52 0.068625 -3.0633 -3.8279 0 0 0
52.2 0.15318 -3.0642 -3.699 0 0 0
52.4 0.040067 -2.9622 -3.8563 0 0 0
52.6 -0.041314 -2.8952 -3.8896 0 0 0
52.8 -0.072872 -2.8999 -3.9842 0 0 0
53 -0.07231 -2.9778 -4.1724 0 0 0
53.2 -0.038283 -3.0236 -4.1399 0 0 0
53.4 -0.012964 -3.1118 -4.0782 0 0 0
53.6 0.00245 -3.0669 -4.1634 0 0 0
53.8 0.016437 -3.067 -4.2396 0 0 0
54 -0.026458 -3.054 -4.4074 0 0 0
54.2 -0.033202 -3.0744 -4.5219 0 0 0
54.4 -0.073925 -3.1238 -4.368 0 0 0
54.6 -0.054184 -3.14 -4.3935 0 0 0
54.8 -0.01416 -3.1078 -4.3674 0 0 0
55 0.035195 -3.0755 -4.3831 0 0 0
55.2 -0.002368 -3.0983 -4.4295 0 0 0
55.4 -0.050377 -3.0826 -4.4986 0 0 0
55.6 -0.09544 -3.0374 -4.4354 0 0 0
55.8 -0.10412 -3.0012 -4.4846 0 0 0
56 -0.058863 -2.9888 -4.3965 0 0 0
56.2 -0.056028 -2.9936 -4.4366 0 0 0
56.4 -0.13073 -3.0308 -4.4471 0 0 0
56.6 -0.13846 -3.0565 -4.3452 0 0 0
56.8 -0.092276 -3.0135 -4.3868 0 0 0
57 -0.11352 -2.9919 -4.464 0 0 0
57.2 -0.081789 -2.977 -4.5412 0 0 0
57.4 -0.14123 -2.9461 -4.5575 0 0 0
57.6 -0.14089 -2.971 -4.374 0 0 0
57.8 -0.13677 -2.9172 -4.349 0 0 0
58 -0.14266 -2.8749 -4.401 0 0 0
58.2 -0.12029 -2.9278 -4.4979 0 0 0
58.4 -0.094772 -2.9603 -4.4887 0 0 0
58.6 -0.11582 -2.9211 -4.58 0 0 0
58.8 -0.19735 -2.879 -4.5041 0 0 0
59 -0.18509 -2.8749 -4.4026 0 0 0
59.2 -0.16727 -2.881 -4.37 0 0 0
59.4 -0.16365 -2.8637 -4.3931 0 0 0
59.6 -0.14406 -2.8484 -4.4764 0 0 0
59.8 -0.14579 -2.8838 -4.3894 0 0 0
60 -0.13502 -2.8284 -4.3514 0 0 0
60.2 -0.1387 -2.7458 -4.3433 0 0 0
60.4 -0.10558 -2.742 -4.35 0 0 0
60.6 -0.10892 -2.7091 -4.4643 0 0 0
60.8 -0.12308 -2.7117 -4.4412 0 0 0
61 -0.15276 -2.7209 -4.4592 0 0 0
61.2 -0.13932 -2.6843 -4.5922 0 0 0
61.4 -0.1397 -2.7304 -4.4159 0 0 0
61.6 -0.12078 -2.7522 -4.4457 0 0 0
61.8 -0.10337 -2.8594 -4.4857 0 0 0
62 -0.078096 -2.9759 -4.3968 0 0 0
62.2 -0.066221 -3.0161 -4.5137 0 0 0
62.4 -0.11222 -3.0183 -4.5019 0 0 0
62.6 -0.11213 -3.0266 -4.5072 0 0 0
62.8 -0.11627 -3.0378 -4.6088 0 0 0
63 -0.10678 -3.0374 -4.5626 0 0 0
63.2 -0.10586 -3.0414 -4.5766 0 0 0
63.4 -0.10155 -3.0212 -4.5497 0 0 0
63.6 -0.094999 -3.04 -4.5952 0 0 0
63.8 -0.15264 -3.0868 -4.5901 0 0 0
64 -0.13696 -3.0665 -4.5139 0 0 0
64.2 -0.12626 -3.0041 -4.5687 0 0 0
64.4 -0.17262 -2.9738 -4.6145 0 0 0
64.6 -0.19113 -3.0098 -4.6514 0 0 0
64.8 -0.16156 -3.0337 -4.6769 0 0 0
65 -0.16567 -3.018 -4.6647 0 0 0
65.2 -0.17331 -3.0133 -4.7076 0 0 0
65.4 -0.18602 -2.9715 -4.7221 0 0 0
65.6 -0.12865 -3.028 -4.7564 0 0 0
65.8 -0.072116 -3.017 -4.751 0 0 0
66 -0.15309 -2.9734 -4.8081 0 0 0
66.2 -0.1718 -2.9662 -4.7415 0 0 0
66.4 -0.14779 -2.9653 -4.8139 0 0 0
66.6 -0.093333 -2.9597 -4.8441 0 0 0
66.8 -0.088434 -2.9256 -4.8872 0 0 0
67 -0.1222 -2.9277 -5.0187 0 0 0
67.2 -0.071059 -2.9488 -4.9561 0 0 0
67.4 -0.053388 -3.0714 -4.9302 0 0 0
67.6 -0.1402 -3.1428 -4.863 0 0 0
67.8 -0.1179 -3.2935 -4.9021 0 0 0
68 -0.15108 -3.5221 -4.9038 0 0 0
68.2 -0.073915 -3.4802 -4.8781 0 0 0
68.4 -0.14033 -3.409 -4.8333 0 0 0
68.6 -0.12995 -3.3642 -4.8392 0 0 0
68.8 -0.11277 -3.3127 -4.7728 0 0 0
69 -0.11953 -3.2545 -4.7043 0 0 0
69.2 -0.16182 -3.2576 -4.7259 0 0 0
69.4 -0.13592 -3.3061 -4.7646 0 0 0
69.6 -0.15455 -3.1932 -4.7664 0 0 0
69.8 -0.14175 -3.1197 -4.652 0 0 0
70 -0.11514 -3.0364 -4.6811 0 0 0
70.2 -0.073554 -3.0569 -4.7374 0 0 0
70.4 -0.13109 -3.1156 -4.7831 0 0 0
70.6 -0.16844 -3.0902 -4.8064 0 0 0
70.8 -0.13072 -3.025 -4.8148 0 0 0
71 -0.085177 -3.0209 -4.7256 0 0 0
71.2 -0.090197 -2.9796 -4.8361 0 0 0
71.4 -0.093041 -2.9566 -4.8261 0 0 0
71.6 -0.070135 -3.0576 -4.7108 0 0 0
71.8 -0.081126 -3.1485 -4.7254 0 0 0
72 -0.074536 -3.2826 -4.7426 0 0 0
72.2 -0.080576 -3.3315 -4.5726 0 0 0
72.4 -0.068272 -3.2948 -4.6203 0 0 0
72.6 -0.093192 -3.3101 -4.6655 0 0 0
72.8 -0.097139 -3.2725 -4.5871 0 0 0
73 -0.12371 -3.2451 -4.6819 0 0 0
73.2 -0.074378 -3.2196 -4.659 0 0 0
73.4 -0.070604 -3.1645 -4.6412 0 0 0
73.6 -0.037127 -3.2158 -4.6294 0 0 0
73.8 -0.056204 -3.2282 -4.561 0 0 0
74 -0.077103 -3.2249 -4.7206 0 0 0
74.2 -0.066064 -3.2104 -4.7581 0 0 0
74.4 -0.053827 -3.2111 -4.6825 0 0 0
74.6 -0.066575 -3.2237 -4.5677 0 0 0
74.8 -0.084813 -3.2397 -4.6234 0 0 0
75 -0.037169 -3.1999 -4.6949 0 0 0
75.2 -0.078605 -3.2523 -4.6183 0 0 0
75.4 -0.08008 -3.276 -4.6865 0 0 0
75.6 -0.084325 -3.2754 -4.7549 0 0 0
75.8 -0.094122 -3.2716 -4.768 0 0 0
76 -0.11829 -3.2039 -4.7709 0 0 0
76.2 -0.090258 -3.1947 -4.8673 0 0 0
76.4 -0.091013 -3.2011 -4.9547 0 0 0
76.6 -0.074762 -3.1437 -4.9575 0 0 0
76.8 -0.065237 -3.1066 -4.9361 0 0 0
77 -0.086647 -3.1013 -4.9575 0 0 0
77.2 -0.074615 -3.0509 -4.9317 0 0 0
77.4 -0.074722 -3.0104 -4.9054 0 0 0
77.6 -0.072881 -2.9254 -4.9286 0 0 0
77.8 -0.030347 -2.9406 -4.9394 0 0 0
78 -0.036117 -2.9997 -4.9334 0 0 0
78.2 -0.050366 -3.0254 -5.0119 0 0 0
78.4 0.001644 -3.0765 -5.0866 0 0 0
78.6 -0.030115 -3.1821 -5.1404 0 0 0
78.8 -0.059469 -3.2263 -5.125 0 0 0
79 -0.038126 -3.2479 -5.0957 0 0 0
79.2 -0.063832 -3.1989 -5.0333 0 0 0
79.4 -0.042216 -3.1558 -4.9771 0 0 0
79.6 -0.056236 -3.1297 -5.011 0 0 0
79.8 -0.094685 -3.1043 -5.0366 0 0 0
80 -0.084078 -3.0634 -5.0084 0 0 0
80.2 -0.064121 -3.063 -5.0144 0 0 0
80.4 -0.069586 -3.025 -5.026 0 0 0
80.6 -0.080671 -3.0366 -5.0196 0 0 0
80.8 -0.059216 -3.0128 -4.9394 0 0 0
81 -0.089022 -3.0173 -4.8485 0 0 0
81.2 -0.10993 -3.0082 -4.9104 0 0 0
81.4 -0.094539 -2.9393 -4.916 0 0 0
81.6 -0.10021 -2.9202 -5.0279 0 0 0
81.8 -0.13125 -2.9209 -5.0434 0 0 0
82 -0.10253 -2.9459 -5.1089 0 0 0
82.2 -0.097291 -2.9065 -5.0245 0 0 0
82.4 -0.09327 -2.7871 -4.9757 0 0 0
82.6 -0.095787 -2.7531 -5.0352 0 0 0
82.8 -0.10862 -2.7097 -5.0856 0 0 0
83 -0.073813 -2.7826 -5.092 0 0 0
83.2 -0.06826 -2.8841 -5.0666 0 0 0
83.4 -0.048176 -2.9549 -5.0018 0 0 0
83.6 -0.048596 -2.9806 -4.9069 0 0 0
83.8 -0.013308 -3.0077 -4.9551 0 0 0
84 -0.055388 -3.0287 -5.119 0 0 0
84.2 -0.096003 -3.0621 -5.194 0 0 0
84.4 -0.093369 -2.9983 -5.1185 0 0 0
84.6 -0.071495 -2.9664 -5.1207 0 0 0
84.8 -0.10329 -2.944 -5.2093 0 0 0
85 -0.094603 -2.8957 -5.2405 0 0 0
85.2 -0.10175 -2.9347 -5.1429 0 0 0
85.4 -0.095882 -2.9233 -5.1537 0 0 0
85.6 -0.066898 -2.8941 -5.1494 0 0 0
85.8 -0.065598 -2.8928 -5.1143 0 0 0
86 -0.11389 -2.8294 -5.1836 0 0 0
86.2 -0.14615 -2.8228 -5.1093 0 0 0
86.4 -0.13633 -2.8573 -5.1337 0 0 0
86.6 -0.13272 -2.8148 -5.1914 0 0 0
86.8 -0.10432 -2.7432 -5.1727 0 0 0
87 -0.087941 -2.6963 -5.2914 0 0 0
87.2 -0.063193 -2.6675 -5.3262 0 0 0
87.4 -0.074589 -2.7309 -5.3029 0 0 0
87.6 -0.040314 -2.756 -5.2105 0 0 0
87.8 -0.018342 -2.8167 -5.2301 0 0 0
88 -0.043756 -2.9504 -5.3008 0 0 0
88.2 -0.074781 -3.03 -5.4439 0 0 0
88.4 -0.089791 -3.0004 -5.4565 0 0 0
88.6 -0.11732 -3.0013 -5.4399 0 0 0
88.8 -0.10763 -3.016 -5.3714 0 0 0
89 -0.097568 -3.0021 -5.2748 0 0 0
89.2 -0.12503 -2.9921 -5.4086 0 0 0
89.4 -0.14809 -3.0331 -5.5038 0 0 0
89.6 -0.15121 -3.0428 -5.5049 0 0 0
89.8 -0.13967 -3.0123 -5.4611 0 0 0
90 -0.15502 -2.997 -5.5434 0 0 0
90.2 -0.15564 -3.0057 -5.418 0 0 0
90.4 -0.12253 -3.012 -5.37 0 0 0
90.6 -0.14691 -2.9928 -5.4486 0 0 0
90.8 -0.15838 -3.0333 -5.3789 0 0 0
91 -0.15873 -2.9942 -5.4057 0 0 0
91.2 -0.14454 -2.9733 -5.4441 0 0 0
91.4 -0.12075 -3.0126 -5.4696 0 0 0
91.6 -0.084774 -3.0628 -5.5089 0 0 0
91.8 -0.10334 -3.0397 -5.4357 0 0 0
92 -0.12617 -2.9922 -5.4062 0 0 0
92.2 -0.1316 -2.9512 -5.4956 0 0 0
92.4 -0.11153 -3.0223 -5.5036 0 0 0
92.6 -0.11272 -3.1733 -5.4097 0 0 0
92.8 -0.14902 -3.292 -5.3635 0 0 0
93 -0.16866 -3.3594 -5.2534 0 0 0
93.2 -0.046946 -3.2432 -5.3231 0 0 0
93.4 -0.10292 -3.2175 -5.4308 0 0 0
93.6 -0.11735 -3.1509 -5.4802 0 0 0
93.8 -0.077859 -3.1692 -5.4072 0 0 0
94 -0.083546 -3.1926 -5.4703 0 0 0
94.2 -0.043375 -3.1334 -5.3785 0 0 0
94.4 -0.060902 -3.1427 -5.3716 0 0 0
94.6 -0.1346 -3.1097 -5.3919 0 0 0
94.8 -0.091725 -3.0541 -5.3341 0 0 0
95 -0.065926 -3.0173 -5.2959 0 0 0
95.2 -0.071272 -2.9895 -5.2958 0 0 0
95.4 -0.080875 -2.9693 -5.2874 0 0 0
95.6 -0.11197 -2.9472 -5.4003 0 0 0
95.8 -0.12926 -2.9224 -5.4727 0 0 0
96 -0.079877 -2.9471 -5.4738 0 0 0
96.2 -0.05258 -2.9584 -5.3772 0 0 0
96.4 -0.030798 -2.9305 -5.3627 0 0 0
96.6 -0.03536 -2.8723 -5.3204 0 0 0
96.8 -0.048538 -2.865 -5.3413 0 0 0
97 -0.098218 -2.8867 -5.2745 0 0 0
97.2 -0.12665 -2.8659 -5.3136 0 0 0
97.4 -0.14652 -2.8474 -5.3419 0 0 0
97.6 -0.1151 -2.8738 -5.3231 0 0 0
97.8 -0.070418 -2.8394 -5.4106 0 0 0
98 -0.05413 -2.8523 -5.3411 0 0 0
98.2 -0.033584 -2.8272 -5.4129 0 0 0
98.4 -0.01682 -2.8235 -5.412 0 0 0
98.6 -0.005893 -2.8319 -5.2667 0 0 0
98.8 -0.072126 -2.7573 -5.2952 0 0 0
99 -0.055755 -2.7925 -5.3016 0 0 0
99.2 -0.032022 -2.838 -5.3495 0 0 0
99.4 -0.013824 -2.9214 -5.4264 0 0 0
99.6 -0.048229 -3.0687 -5.4002 0 0 0
99.8 -0.032356 -3.2124 -5.439 0 0 0
100 -0.070272 -3.2485 -5.521 0 0 0
100.2 -0.20332 -3.1262 -5.3977 0 0 0
100.4 -0.27424 -2.9696 -5.2502 0 0 0
100.6 -0.12915 -3.0572 -5.4446 0 0 0
100.8 -0.11378 -3.1423 -5.4274 0 0 0
101 -0.080093 -3.1423 -5.5065 0 0 0
101.2 -0.040469 -3.2088 -5.5409 0 0 0
101.4 -0.058141 -3.1979 -5.5096 0 0 0
101.6 -0.057723 -3.1655 -5.6012 0 0 0
101.8 -0.06221 -3.1227 -5.4922 0 0 0
102 -0.095364 -3.0525 -5.5483 0 0 0
102.2 -0.11944 -3.0665 -5.5271 0 0 0
102.4 -0.082088 -3.0608 -5.4227 0 0 0
102.6 -0.07642 -2.9848 -5.4413 0 0 0
102.8 -0.075943 -2.9716 -5.5814 0 0 0
103 -0.062454 -2.98 -5.5464 0 0 0
103.2 -0.05592 -3.0214 -5.5131 0 0 0
103.4 -0.076975 -3.0118 -5.446 0 0 0
103.6 -0.092467 -2.9872 -5.4207 0 0 0
103.8 -0.034163 -3.0093 -5.5732 0 0 0
104 -0.024546 -3.0833 -5.6405 0 0 0
104.2 -0.040441 -3.1978 -5.6245 0 0 0
104.4 -0.064269 -3.279 -5.6381 0 0 0
104.6 -0.12773 -3.2562 -5.734 0 0 0
104.8 -0.12706 -3.189 -5.6589 0 0 0
105 -0.078629 -3.1674 -5.5898 0 0 0
105.2 -0.11474 -3.1746 -5.7039 0 0 0
105.4 -0.089229 -3.1777 -5.6297 0 0 0
105.6 -0.11379 -3.1612 -5.5539 0 0 0
105.8 -0.14481 -3.1361 -5.6148 0 0 0
106 -0.16826 -3.0647 -5.6492 0 0 0
106.2 -0.14287 -3.0116 -5.6656 0 0 0
106.4 -0.086415 -2.9945 -5.5941 0 0 0
106.6 -0.073439 -3.0369 -5.5572 0 0 0
106.8 -0.084223 -2.9635 -5.4673 0 0 0
107 -0.047321 -2.8966 -5.4764 0 0 0
107.2 -0.050182 -2.8976 -5.59 0 0 0
107.4 -0.043947 -3.0093 -5.5779 0 0 0
107.6 -0.057145 -3.0825 -5.4966 0 0 0
107.8 -0.066705 -3.1085 -5.446 0 0 0
108 -0.077113 -3.202 -5.4449 0 0 0
108.2 -0.10917 -3.2579 -5.6221 0 0 0
108.4 -0.12622 -3.2322 -5.7003 0 0 0
108.6 -0.09005 -3.219 -5.7838 0 0 0
108.8 -0.091724 -3.2769 -5.6958 0 0 0
109 -0.15253 -3.2789 -5.6742 0 0 0
109.2 -0.1735 -3.1754 -5.6375 0 0 0
109.4 -0.12513 -3.1346 -5.6107 0 0 0
109.6 -0.12992 -3.0679 -5.6748 0 0 0
109.8 -0.10931 -3.0544 -5.7346 0 0 0
110 -0.090445 -3.1272 -5.5945 0 0 0
110.2 -0.14962 -3.2165 -5.5485 0 0 0
110.4 -0.16757 -3.4047 -5.7061 0 0 0
110.6 -0.16319 -3.3949 -5.842 0 0 0
110.8 -0.18027 -3.3888 -5.7614 0 0 0
111 -0.19878 -3.3391 -5.7919 0 0 0
111.2 -0.15173 -3.2997 -5.8888 0 0 0
111.4 -0.1657 -3.1966 -5.9276 0 0 0
111.6 -0.14607 -3.1324 -5.8706 0 0 0
111.8 -0.15987 -3.2509 -5.7337 0 0 0
112 -0.14184 -3.367 -5.7822 0 0 0
112.2 -0.13808 -3.2812 -5.8262 0 0 0
112.4 -0.14321 -3.2187 -5.9103 0 0 0
112.6 -0.14839 -3.264 -5.9649 0 0 0
112.8 -0.12536 -3.2866 -5.9777 0 0 0
113 -0.10358 -3.3133 -5.8765 0 0 0
113.2 -0.12961 -3.3182 -5.7705 0 0 0
113.4 -0.12312 -3.2662 -5.707 0 0 0
113.6 -0.17972 -3.2124 -5.8327 0 0 0
113.8 -0.17726 -3.2204 -5.8561 0 0 0
114 -0.12657 -3.2204 -5.8741 0 0 0
114.2 -0.13473 -3.2899 -5.7476 0 0 0
114.4 -0.19673 -3.2625 -5.6963 0 0 0
114.6 -0.17382 -3.2565 -5.716 0 0 0
114.8 -0.14199 -3.2859 -5.7112 0 0 0
115 -0.13894 -3.3382 -5.7861 0 0 0
115.2 -0.17724 -3.2969 -5.8084 0 0 0
115.4 -0.15725 -3.2636 -5.8023 0 0 0
115.6 -0.12757 -3.2679 -5.8273 0 0 0
115.8 -0.13212 -3.2934 -5.862 0 0 0
116 -0.14697 -3.244 -5.8397 0 0 0
116.2 -0.16709 -3.2239 -5.7576 0 0 0
116.4 -0.13746 -3.2078 -5.7674 0 0 0
116.6 -0.12419 -3.1529 -5.7883 0 0 0
116.8 -0.12 -3.0938 -5.8055 0 0 0
117 -0.14632 -3.0372 -5.7868 0 0 0
117.2 -0.13492 -3.0715 -5.6829 0 0 0
117.4 -0.10589 -3.079 -5.7651 0 0 0
117.6 -0.10368 -3.0407 -5.8165 0 0 0
117.8 -0.07956 -3.0509 -5.7938 0 0 0
118 -0.072287 -3.0743 -5.8276 0 0 0
118.2 -0.074119 -3.1378 -5.8614 0 0 0
118.4 -0.072545 -3.2123 -5.9447 0 0 0
118.6 -0.083852 -3.2915 -5.9171 0 0 0
118.8 -0.059449 -3.3987 -5.8484 0 0 0
119 -0.067417 -3.3703 -5.9672 0 0 0
119.2 -0.057599 -3.3923 -5.9376 0 0 0
119.4 -0.068202 -3.4076 -5.8721 0 0 0
119.6 -0.10813 -3.3995 -5.8904 0 0 0
119.8 -0.14803 -3.3855 -5.8927 0 0 0
120 -0.1514 -3.3459 -5.9099 0 0 0
120.2 -0.17267 -3.2897 -5.9438 0 0 0
120.4 -0.13798 -3.2742 -5.9778 0 0 0
120.6 -0.1319 -3.2589 -5.8411 0 0 0
120.8 -0.1246 -3.2276 -5.8617 0 0 0
121 -0.10371 -3.2105 -5.9346 0 0 0
121.2 -0.13368 -3.1854 -5.9315 0 0 0
121.4 -0.12891 -3.1639 -6.0134 0 0 0
121.6 -0.10399 -3.1634 -6.0425 0 0 0
121.8 -0.12956 -3.1724 -5.9189 0 0 0
122 -0.12621 -3.1142 -5.9702 0 0 0
122.2 -0.16844 -2.8958 -5.8828 0 0 0
122.4 -0.21866 -2.7951 -5.6978 0 0 0
122.6 -0.12561 -2.9359 -5.8166 0 0 0
122.8 -0.09583 -3.1512 -5.8993 0 0 0
123 -0.094031 -3.3422 -6.0759 0 0 0
123.2 -0.077176 -3.4277 -6.1538 0 0 0
123.4 -0.090372 -3.4612 -6.0688 0 0 0
123.6 -0.080778 -3.4496 -5.9951 0 0 0
123.8 -0.078762 -3.4217 -6.0442 0 0 0
124 -0.10177 -3.4623 -6.04 0 0 0
124.2 -0.12458 -3.4339 -6.0955 0 0 0
124.4 -0.13439 -3.3845 -6.1941 0 0 0
124.6 -0.152 -3.4102 -6.2312 0 0 0
124.8 -0.12066 -3.3909 -6.154 0 0 0
125 -0.12452 -3.3234 -6.0846 0 0 0
125.2 -0.13899 -3.3164 -6.0341 0 0 0
125.4 -0.085033 -3.2513 -5.998 0 0 0
125.6 -0.10651 -3.1964 -6.0469 0 0 0
125.8 -0.1064 -3.2072 -6.0302 0 0 0
126 -0.11107 -3.1916 -5.9913 0 0 0
126.2 -0.098655 -3.1745 -5.9453 0 0 0
126.4 -0.05617 -3.1222 -5.9704 0 0 0
126.6 -0.074015 -3.1913 -6.1218 0 0 0
126.8 -0.092232 -3.2607 -6.1471 0 0 0
127 -0.088152 -3.3659 -6.0508 0 0 0
127.2 -0.075198 -3.4796 -6.1103 0 0 0
127.4 -0.12959 -3.53 -6.1787 0 0 0
127.6 -0.12662 -3.5774 -6.2071 0 0 0
127.8 -0.18416 -3.5501 -6.1548 0 0 0
128 -0.14749 -3.5224 -6.1831 0 0 0
128.2 -0.12941 -3.5226 -6.0837 0 0 0
128.4 -0.18196 -3.4892 -6.1956 0 0 0
128.6 -0.14903 -3.4437 -6.1035 0 0 0
128.8 -0.17 -3.442 -6.0844 0 0 0
129 -0.13623 -3.4164 -6.0762 0 0 0
129.2 -0.12843 -3.3926 -6.1936 0 0 0
129.4 -0.13824 -3.3818 -6.0859 0 0 0
129.6 -0.137 -3.3379 -6.1063 0 0 0
129.8 -0.13326 -3.301 -6.1371 0 0 0
130 -0.123 -3.2645 -6.0933 0 0 0
130.2 -0.12409 -3.2866 -6.2407 0 0 0
130.4 -0.136 -3.3514 -6.163 0 0 0
130.6 -0.13256 -3.2959 -6.0383 0 0 0
130.8 -0.092688 -3.2758 -6.1192 0 0 0
131 -0.10862 -3.305 -6.1954 0 0 0
131.2 -0.070411 -3.3533 -6.1823 0 0 0
131.4 -0.069726 -3.4762 -6.1782 0 0 0
131.6 -0.085714 -3.6101 -6.3667 0 0 0
131.8 -0.10794 -3.6978 -6.3621 0 0 0
132 -0.10128 -3.8052 -6.3946 0 0 0
132.2 -0.13021 -3.7901 -6.3328 0 0 0
132.4 -0.11299 -3.7899 -6.3192 0 0 0
132.6 -0.098035 -3.7941 -6.4119 0 0 0
132.8 -0.053561 -3.8106 -6.3336 0 0 0
133 -0.064914 -3.7595 -6.4 0 0 0
133.2 -0.12065 -3.7748 -6.5229 0 0 0
133.4 -0.076958 -3.7799 -6.4775 0 0 0
133.6 -0.093496 -3.7558 -6.4859 0 0 0
133.8 -0.15171 -3.7083 -6.456 0 0 0
134 -0.09737 -3.6545 -6.4736 0 0 0
134.2 -0.045359 -3.6514 -6.4328 0 0 0
134.4 -0.065122 -3.6443 -6.5059 0 0 0
134.6 -0.10411 -3.6265 -6.4403 0 0 0
134.8 -0.1006 -3.6173 -6.3406 0 0 0
135 -0.10372 -3.6137 -6.4124 0 0 0
135.2 -0.084515 -3.5446 -6.4568 0 0 0
135.4 -0.084967 -3.5734 -6.4847 0 0 0
135.6 -0.12131 -3.655 -6.4667 0 0 0
135.8 -0.10559 -3.7062 -6.4443 0 0 0
136 -0.10934 -3.7982 -6.4218 0 0 0
136.2 -0.074793 -3.8647 -6.4173 0 0 0
136.4 -0.044059 -4.0162 -6.4294 0 0 0
136.6 -0.008295 -4.0738 -6.5152 0 0 0
136.8 -0.055794 -4.0741 -6.4492 0 0 0
137 -0.13087 -4.0507 -6.4629 0 0 0
137.2 -0.12085 -3.9933 -6.4344 0 0 0
137.4 -0.11978 -3.9236 -6.5326 0 0 0
137.6 -0.071476 -3.8644 -6.4854 0 0 0
137.8 -0.065455 -3.8475 -6.4662 0 0 0
138 -0.073017 -3.8445 -6.481 0 0 0
138.2 -0.076565 -3.791 -6.433 0 0 0
138.4 -0.00896 -3.7261 -6.3885 0 0 0
138.6 -0.029072 -3.7356 -6.4182 0 0 0
138.8 -0.052553 -3.7479 -6.3447 0 0 0
139 -0.053291 -3.6967 -6.4573 0 0 0
139.2 -0.04983 -3.7067 -6.4509 0 0 0
139.4 -0.074075 -3.6565 -6.437 0 0 0
139.6 -0.073759 -3.6235 -6.5959 0 0 0
139.8 -0.071973 -3.6194 -6.4356 0 0 0
140 -0.078498 -3.6454 -6.4339 0 0 0
140.2 -0.059418 -3.7186 -6.5626 0 0 0
140.4 -0.016684 -3.7885 -6.5038 0 0 0
140.6 -0.071796 -3.9112 -6.4831 0 0 0
140.8 -0.10483 -3.9784 -6.5009 0 0 0
141 -0.069115 -3.9608 -6.4959 0 0 0
141.2 -0.094929 -3.924 -6.5478 0 0 0
141.4 -0.092938 -3.9147 -6.5076 0 0 0
141.6 -0.070088 -3.8822 -6.4891 0 0 0
141.8 -0.08453 -3.8066 -6.4878 0 0 0
142 -0.11157 -3.7975 -6.4628 0 0 0
142.2 -0.050735 -3.7586 -6.5404 0 0 0
142.4 -0.10804 -3.7597 -6.58 0 0 0
142.6 -0.097969 -3.6759 -6.5815 0 0 0
142.8 -0.041364 -3.6342 -6.6327 0 0 0
143 -0.045751 -3.6342 -6.6548 0 0 0
143.2 -0.037248 -3.6834 -6.6195 0 0 0
143.4 -0.064592 -3.8172 -6.6793 0 0 0
143.6 -0.07146 -3.9683 -6.5958 0 0 0
143.8 -0.065703 -3.9667 -6.696 0 0 0
144 -0.035223 -3.9358 -6.6433 0 0 0
144.2 -0.038475 -3.9281 -6.5708 0 0 0
144.4 -0.072645 -3.9162 -6.6574 0 0 0
144.6 -0.11846 -3.9496 -6.6837 0 0 0
144.8 -0.11152 -3.9378 -6.6049 0 0 0
145 -0.062792 -3.9393 -6.6442 0 0 0
145.2 -0.060161 -3.9293 -6.6516 0 0 0
145.4 -0.042967 -3.9329 -6.6478 0 0 0
145.6 -0.08793 -3.9442 -6.6488 0 0 0
145.8 0.039522 -0.002432 0.24346 0 0 0
146 -0.002209 0.010543 0.45542 0 0 0
146.2 -0.032202 -0.10046 0.10497 0 0 0
146.4 -0.014664 -0.18885 0.1042 0 0 0
146.6 -0.10457 -0.26532 0.18112 0 0 0
146.8 -0.041869 -0.20236 0.44372 0 0 0
147 0.034317 -0.15713 0.278 0 0 0
147.2 0.073007 -0.063097 0.35769 0 0 0
147.4 -0.032357 -0.15018 -0.036347 0 0 0
147.6 -0.04393 -0.098259 0.26577 0 0 0
147.8 -0.14204 -0.060124 0.23715 0 0 0
148 -0.050754 0.005986 0.23371 0 0 0
148.2 -0.04082 0.012464 0.53296 0 0 0
148.4 -0.042095 0.042742 0.48627 0 0 0
148.6 -0.11512 0.036376 0.50886 0 0 0
148.8 -0.059145 0.056073 0.21302 0 0 0
149 -0.02463 0.085798 0.27043 0 0 0
149.2 -0.086922 0.12774 0.20086 0 0 0
149.4 -0.14461 0.1444 0.069214 0 0 0
149.6 -0.053707 0.19445 0.15949 0 0 0
149.8 0.012648 0.25828 0.80979 0 0 0
150 0.040982 0.2046 0.50851 0 0 0
150.2 -0.031942 0.11468 0.49031 0 0 0
150.4 -0.048741 0.049287 0.34667 0 0 0
150.6 -0.037435 0.016426 0.24942 0 0 0
150.8 -0.05118 0.055224 0.31214 0 0 0
151 -0.068819 0.036846 0.40209 0 0 0
151.2 -0.065923 0.006446 0.3493 0 0 0
151.4 -0.11986 0.014247 0.31137 0 0 0
151.6 -0.11199 0.043503 0.52517 0 0 0
151.8 -0.18422 0.003635 0.40477 0 0 0
152 -0.096224 -0.018537 0.18722 0 0 0
152.2 -0.064924 -0.054366 0.44734 0 0 0
152.4 -0.089112 -0.061968 0.54944 0 0 0
152.6 -0.16034 0.002191 0.46596 0 0 0
152.8 -0.057848 -0.018144 0.59466 0 0 0
153 0.014046 0.01015 0.74814 0 0 0
153.2 0.08129 -0.036576 0.69497 0 0 0
153.4 -0.060251 -0.067611 0.30034 0 0 0
153.6 -0.050302 -0.076009 0.60867 0 0 0
153.8 -0.023587 0.012622 0.32438 0 0 0
154 -0.15509 0.058523 -0.15734 0 0 0
154.2 -0.16846 -0.081595 0.10088 0 0 0
154.4 -0.046808 -0.24899 0.13955 0 0 0
154.6 -0.04551 -0.36643 0.12897 0 0 0
154.8 0.066045 -0.43775 0.65082 0 0 0
155 -0.058382 -0.41922 0.57914 0 0 0
155.2 -0.097542 -0.42607 0.38141 0 0 0
155.4 -0.005398 -0.39722 0.41892 0 0 0
155.6 -0.030384 -0.44294 0.34854 0 0 0
155.8 -0.085932 -0.4688 0.37013 0 0 0
156 -0.0557 -0.44621 0.41702 0 0 0
156.2 -0.056851 -0.37711 0.4825 0 0 0
156.4 -0.045089 -0.3867 0.4951 0 0 0
156.6 -0.070377 -0.41805 0.48805 0 0 0
156.8 -0.1356 -0.37143 0.16387 0 0 0
157 0.062045 -0.3274 0.33463 0 0 0
157.2 -0.060709 -0.31629 0.1519 0 0 0
157.4 -0.091655 -0.35375 0.52464 0 0 0
157.6 -0.05451 -0.33196 0.71559 0 0 0
157.8 0.02211 -0.28111 0.83173 0 0 0
158 -0.050627 -0.30737 0.78414 0 0 0
158.2 -0.092182 -0.36712 0.42984 0 0 0
158.4 -0.069013 -0.40869 0.30693 0 0 0
158.6 -0.060997 -0.38334 0.3836 0 0 0
158.8 -0.091266 -0.38572 0.13773 0 0 0
159 -0.040713 -0.4339 0.18511 0 0 0
159.2 -0.008255 -0.43897 0.37757 0 0 0
159.4 -0.018545 -0.45034 0.40353 0 0 0
159.6 -0.1336 -0.42311 -0.21404 0 0 0
159.8 -0.061288 -0.43692 0.10382 0 0 0
160 -0.11393 -0.45463 0.007941 0 0 0
160.2 -0.10505 -0.52922 0.08837 0 0 0
160.4 -0.1221 -0.64448 0.12812 0 0 0
160.6 -0.009293 -0.78333 0.47716 0 0 0
160.8 0.02302 -0.87633 0.50847 0 0 0
161 -0.11012 -0.92602 0.28979 0 0 0
161.2 -0.10117 -0.92527 -0.12344 0 0 0
161.4 -0.090144 -0.92691 -0.10173 0 0 0
161.6 -0.12705 -0.93326 -0.02851 0 0 0
161.8 -0.067872 -0.97236 0.057163 0 0 0
162 -0.026108 -0.99647 0.10816 0 0 0
162.2 -0.083915 -0.9914 0.088133 0 0 0
162.4 -0.10208 -0.98676 0.059922 0 0 0
162.6 -0.060229 -1.007 0.036694 0 0 0
162.8 -0.003239 -1.1449 0.18061 0 0 0
163 -0.17694 -1.0978 -0.17198 0 0 0
163.2 -0.15611 -1.0761 -0.081366 0 0 0
163.4 -0.085587 -1.0814 -0.379 0 0 0
163.6 -0.14938 -1.1914 -0.64506 0 0 0
163.8 -0.13048 -1.1558 -0.24498 0 0 0
164 -0.084683 -1.2061 -0.40895 0 0 0
164.2 -0.095085 -1.162 -0.46918 0 0 0
164.4 -0.091009 -1.2386 -0.5121 0 0 0
164.6 -0.053307 -1.2998 -0.51694 0 0 0
164.8 -0.0514 -1.4011 -0.77728 0 0 0
165 -0.015158 -1.531 -0.77358 0 0 0
165.2 -0.042214 -1.575 -0.7147 0 0 0
165.4 -0.036033 -1.6067 -0.78663 0 0 0
165.6 -0.047548 -1.5821 -0.8277 0 0 0
165.8 -0.08679 -1.5661 -0.74547 0 0 0
166 -0.078562 -1.5653 -0.80504 0 0 0
166.2 -0.024614 -1.5461 -0.67501 0 0 0
166.4 -0.031406 -1.4527 -0.54261 0 0 0
166.6 -0.10882 -1.4554 -0.91517 0 0 0
166.8 -0.071289 -1.5091 -0.85857 0 0 0
167 -0.15888 -1.5004 -0.87021 0 0 0
167.2 -0.095297 -1.4847 -0.85788 0 0 0
167.4 -0.10046 -1.437 -0.71222 0 0 0
167.6 -0.16865 -1.4585 -0.82331 0 0 0
167.8 -0.16532 -1.4629 -0.67949 0 0 0
168 -0.15558 -1.4668 -0.38838 0 0 0
168.2 -0.11525 -1.4704 -0.2204 0 0 0
168.4 -0.1453 -1.4626 -0.28791 0 0 0
168.6 -0.20698 -1.4376 -0.72239 0 0 0
168.8 -0.23296 -1.4227 -0.69756 0 0 0
169 -0.21828 -1.4347 -0.30867 0 0 0
169.2 -0.24626 -1.5027 -0.45811 0 0 0
169.4 -0.26049 -1.4148 -0.38666 0 0 0
169.6 -0.23803 -1.3621 -0.55929 0 0 0
169.8 -0.20778 -1.34 -0.3999 0 0 0
170 -0.25716 -1.4302 -0.59576 0 0 0
170.2 -0.30102 -1.4269 -0.51488 0 0 0
170.4 -0.3381 -1.4772 -0.8161 0 0 0
170.6 -0.29381 -1.5648 -0.62467 0 0 0
170.8 -0.21758 -1.5142 -0.66372 0 0 0
171 -0.17958 -1.5203 -0.82447 0 0 0
171.2 -0.10372 -1.5683 -0.784 0 0 0
171.4 -0.15865 -1.4736 -1.1337 0 0 0
171.6 -0.094261 -1.5439 -0.94958 0 0 0
171.8 -0.1605 -1.5368 -0.8905 0 0 0
172 -0.18006 -1.5536 -1.1468 0 0 0
172.2 -0.16827 -1.6137 -0.95278 0 0 0
172.4 -0.085636 -1.678 -0.98085 0 0 0
172.6 -0.19129 -1.6612 -1.2078 0 0 0
172.8 -0.25504 -1.676 -1.3791 0 0 0
173 -0.16269 -1.7613 -1.3818 0 0 0
173.2 -0.13201 -1.8429 -1.4054 0 0 0
173.4 -0.18477 -1.9089 -1.431 0 0 0
173.6 -0.18679 -1.9676 -1.6654 0 0 0
173.8 -0.15597 -1.98 -1.4259 0 0 0
174 -0.14404 -2.0849 -1.5748 0 0 0
174.2 -0.12821 -2.1006 -1.6809 0 0 0
174.4 -0.1097 -2.1768 -1.7614 0 0 0
174.6 -0.18018 -2.2056 -1.9525 0 0 0
174.8 -0.11508 -2.3004 -2.2119 0 0 0
175 -0.039008 -2.3316 -1.9006 0 0 0
175.2 -0.05154 -2.3688 -1.9116 0 0 0
175.4 -0.069323 -2.3553 -1.7905 0 0 0
175.6 -0.015491 -2.3035 -1.8988 0 0 0
175.8 -0.02951 -2.0969 -1.9238 0 0 0
176 -0.027385 -2.0666 -2.0803 0 0 0
176.2 0.004736 -2.0527 -1.9763 0 0 0
176.4 0.003377 -2.1216 -1.9423 0 0 0
176.6 0.049626 -2.1889 -1.8272 0 0 0
176.8 0.032323 -2.1691 -2.1016 0 0 0
177 -0.010502 -2.0374 -2.1709 0 0 0
177.2 0.053641 -2.0698 -1.8126 0 0 0
177.4 0.003556 -2.0308 -2.0271 0 0 0
177.6 -0.051762 -1.9903 -2.1999 0 0 0
177.8 -0.024459 -1.983 -2.1262 0 0 0
178 -0.009437 -1.9604 -1.7338 0 0 0
178.2 -0.094534 -2.0466 -1.7501 0 0 0
178.4 -0.045068 -2.1399 -1.874 0 0 0
178.6 0.063274 -2.2062 -1.4756 0 0 0
178.8 0.077726 -2.2593 -1.6064 0 0 0
179 -0.067737 -2.2021 -2.1564 0 0 0
179.2 -0.069215 -2.1637 -1.6529 0 0 0
179.4 -0.022565 -2.1937 -1.7023 0 0 0
179.6 -0.060371 -2.1922 -1.7636 0 0 0
179.8 -0.044148 -2.2643 -1.817 0 0 0
180 -0.079704 -2.2596 -1.9069 0 0 0
180.2 -0.087415 -2.2644 -1.8012 0 0 0
180.4 -0.14967 -2.2215 -1.8835 0 0 0
180.6 -0.15811 -2.2986 -2.0269 0 0 0
180.8 -0.14438 -2.3772 -1.9033 0 0 0
181 -0.11878 -2.4165 -2.071 0 0 0
181.2 -0.14447 -2.4411 -2.23 0 0 0
181.4 -0.1109 -2.5458 -2.155 0 0 0
181.6 -0.076683 -2.6708 -2.0534 0 0 0
181.8 -0.082585 -2.7726 -2.2075 0 0 0
182 -0.08939 -2.788 -2.3014 0 0 0
182.2 -0.12493 -2.7891 -2.496 0 0 0
182.4 -0.10534 -2.7859 -2.6498 0 0 0
182.6 -0.13631 -2.7551 -2.5428 0 0 0
182.8 -0.10255 -2.7721 -2.7893 0 0 0
183 -0.072076 -2.7752 -2.8292 0 0 0
183.2 -0.098229 -2.6944 -2.67 0 0 0
183.4 -0.032489 -2.7171 -2.9869 0 0 0
183.6 0.022121 -2.7496 -3.03 0 0 0
183.8 0.007344 -2.8735 -3.0385 0 0 0
184 -0.002083 -2.7859 -2.8253 0 0 0
184.2 -0.03156 -2.7794 -2.8676 0 0 0
184.4 -0.067076 -2.7495 -2.9827 0 0 0
184.6 -0.066815 -2.7066 -2.914 0 0 0
184.8 0.010404 -2.7545 -2.886 0 0 0
185 -0.018254 -2.7759 -3.2015 0 0 0
185.2 -0.018165 -2.723 -3.0277 0 0 0
185.4 -0.005721 -2.6986 -3.0307 0 0 0
185.6 -0.003757 -2.7213 -3.122 0 0 0
185.8 -0.01639 -2.7516 -2.94 0 0 0
186 0.063345 -2.8814 -3.1944 0 0 0
186.2 0.024757 -3.0085 -3.2866 0 0 0
186.4 0.069715 -3.0105 -2.9175 0 0 0
186.6 0.073724 -3.0603 -3.1452 0 0 0
186.8 0.029968 -3.1114 -3.2885 0 0 0
187 0.018227 -3.1088 -3.4302 0 0 0
187.2 -0.028486 -3.0674 -3.3395 0 0 0
187.4 -0.004727 -3.0511 -3.4324 0 0 0
187.6 -0.001483 -3.0552 -3.411 0 0 0
187.8 -0.008706 -3.0291 -3.4564 0 0 0
188 -0.0037 -2.9668 -3.8244 0 0 0
188.2 -0.074108 -2.9396 -3.7595 0 0 0
188.4 -0.042714 -2.956 -3.7394 0 0 0
188.6 -0.027358 -2.9662 -3.5012 0 0 0
188.8 -0.029614 -2.892 -3.3905 0 0 0
189 -0.05489 -2.8609 -3.4303 0 0 0
189.2 -0.048682 -2.8122 -3.4628 0 0 0
189.4 -0.035434 -2.8187 -3.2763 0 0 0
189.6 -0.044441 -2.8097 -3.4296 0 0 0
189.8 0.012997 -2.7802 -3.422 0 0 0
190 -0.00377 -2.8116 -3.4369 0 0 0
190.2 0.00426 -2.856 -3.5157 0 0 0
190.4 0.026628 -2.9662 -3.4858 0 0 0
190.6 0.024762 -3.0308 -3.499 0 0 0
190.8 0.021812 -3.1113 -3.4925 0 0 0
191 0.02023 -3.1462 -3.4059 0 0 0
191.2 -0.003639 -3.1002 -3.7738 0 0 0
191.4 -0.018443 -3.0734 -3.6228 0 0 0
191.6 -0.013778 -3.027 -3.1624 0 0 0
191.8 -0.021151 -3.0413 -3.5865 0 0 0
192 -0.036962 -3.0322 -3.646 0 0 0
192.2 -0.031715 -3.0512 -3.5688 0 0 0
192.4 -0.042895 -3.067 -3.5848 0 0 0
192.6 -0.041598 -3.02 -3.5685 0 0 0
192.8 -0.031714 -3.0159 -3.6761 0 0 0
193 0.005218 -2.9669 -3.6458 0 0 0
193.2 -0.068887 -2.9599 -3.7032 0 0 0
193.4 -0.066078 -2.9347 -3.7817 0 0 0
193.6 -0.030815 -2.9184 -3.6411 0 0 0
193.8 -0.031804 -2.9558 -3.5953 0 0 0
194 -0.024755 -3.0471 -3.5426 0 0 0
194.2 0.002483 -3.1787 -3.536 0 0 0
194.4 -0.026389 -3.3229 -3.7023 0 0 0
194.6 -0.098782 -3.295 -3.7299 0 0 0
194.8 -0.087081 -3.2745 -3.7983 0 0 0
195 -0.002393 -3.364 -3.8148 0 0 0
195.2 -0.039949 -3.3514 -3.8029 0 0 0
195.4 -0.077809 -3.2553 -3.9758 0 0 0
195.6 -0.067948 -3.1857 -4.0713 0 0 0
195.8 -0.07674 -3.2073 -3.8223 0 0 0
196 -0.058801 -3.126 -3.8351 0 0 0
196.2 -0.019056 -3.0949 -3.8702 0 0 0
196.4 -0.049622 -3.0321 -3.7753 0 0 0
196.6 -0.080672 -3.0004 -3.9423 0 0 0
196.8 -0.023427 -3.0311 -3.7966 0 0 0
197 -0.027888 -2.972 -3.7128 0 0 0
197.2 -0.008842 -2.9676 -3.9491 0 0 0
197.4 0.031101 -2.9779 -3.864 0 0 0
197.6 0.054818 -2.9963 -3.9476 0 0 0
197.8 0.073174 -3.0646 -3.7313 0 0 0
198 0.18098 -3.0436 -3.7014 0 0 0
198.2 0.012714 -2.9353 -3.8715 0 0 0
198.4 -0.022564 -2.8919 -3.8888 0 0 0
198.6 -0.081653 -2.9115 -4.01 0 0 0
198.8 -0.072109 -2.984 -4.1955 0 0 0
199 -0.027995 -3.0456 -4.1054 0 0 0
199.2 -0.000162 -3.1282 -4.1054 0 0 0
199.4 0.009425 -3.0572 -4.1834 0 0 0
199.6 0.018387 -3.0696 -4.2374 0 0 0
199.8 -0.025381 -3.0392 -4.4656 0 0 0
200 -0.030501 -3.0722 -4.5292 0 0 0
200.2 -0.077513 -3.125 -4.358 0 0 0
200.4 -0.043385 -3.1345 -4.4221 0 0 0
200.6 -0.014331 -3.102 -4.3613 0 0 0
200.8 0.044023 -3.0742 -4.3707 0 0 0
201 -0.015533 -3.0987 -4.4278 0 0 0
201.2 -0.037935 -3.081 -4.4747 0 0 0
201.4 -0.1036 -3.0221 -4.4529 0 0 0
201.6 -0.089011 -2.999 -4.4929 0 0 0
201.8 -0.060534 -2.9841 -4.3936 0 0 0
202 -0.064374 -2.9986 -4.4437 0 0 0
202.2 -0.15592 -3.043 -4.4381 0 0 0
202.4 -0.12794 -3.0582 -4.3135 0 0 0
202.6 -0.10366 -3.0061 -4.4367 0 0 0
202.8 -0.10061 -2.9976 -4.4562 0 0 0
203 -0.071019 -2.9783 -4.5684 0 0 0
203.2 -0.12827 -2.9499 -4.514 0 0 0
203.4 -0.14066 -2.9749 -4.3378 0 0 0
203.6 -0.13793 -2.8976 -4.3631 0 0 0
203.8 -0.14801 -2.8808 -4.4321 0 0 0
204 -0.11335 -2.9394 -4.4953 0 0 0
204.2 -0.087441 -2.9664 -4.4921 0 0 0
204.4 -0.12649 -2.9166 -4.6053 0 0 0
204.6 -0.2041 -2.8832 -4.4687 0 0 0
204.8 -0.18029 -2.8747 -4.392 0 0 0
205 -0.17394 -2.8767 -4.3475 0 0 0
205.2 -0.16415 -2.8604 -4.399 0 0 0
205.4 -0.13887 -2.8522 -4.4669 0 0 0
205.6 -0.13971 -2.8895 -4.3722 0 0 0
205.8 -0.13508 -2.7999 -4.3533 0 0 0
206 -0.1383 -2.7378 -4.3392 0 0 0
206.2 -0.10677 -2.7394 -4.3423 0 0 0
206.4 -0.11664 -2.7125 -4.5107 0 0 0
206.6 -0.13631 -2.7086 -4.4219 0 0 0
206.8 -0.15459 -2.7137 -4.5485 0 0 0
207 -0.13449 -2.6776 -4.6 0 0 0
207.2 -0.13694 -2.7424 -4.3913 0 0 0
207.4 -0.12139 -2.7541 -4.4633 0 0 0
207.6 -0.11031 -2.8884 -4.4633 0 0 0
207.8 -0.075157 -2.9899 -4.414 0 0 0
208 -0.077751 -3.0161 -4.5505 0 0 0
208.2 -0.12264 -3.0135 -4.5073 0 0 0
208.4 -0.10821 -3.0358 -4.5447 0 0 0
208.6 -0.11234 -3.0462 -4.6353 0 0 0
208.8 -0.098603 -3.0385 -4.5472 0 0 0
209 -0.11243 -3.0399 -4.597 0 0 0
209.2 -0.091787 -3.0134 -4.5288 0 0 0
209.4 -0.10358 -3.0577 -4.6486 0 0 0
209.6 -0.16447 -3.0912 -4.582 0 0 0
209.8 -0.13761 -3.0669 -4.5085 0 0 0
210 -0.12905 -2.9896 -4.5817 0 0 0
210.2 -0.19236 -2.9722 -4.6182 0 0 0
210.4 -0.19329 -3.0123 -4.6845 0 0 0
210.6 -0.16446 -3.0344 -4.6907 0 0 0
210.8 -0.17786 -3.0122 -4.7053 0 0 0
211 -0.17011 -3.0067 -4.7346 0 0 0
211.2 -0.18716 -2.9661 -4.7395 0 0 0
211.4 -0.11505 -3.0382 -4.7594 0 0 0
211.6 -0.088266 -2.9962 -4.7431 0 0 0
211.8 -0.17414 -2.9676 -4.8121 0 0 0
212 -0.1777 -2.9665 -4.7201 0 0 0
212.2 -0.14708 -2.9718 -4.855 0 0 0
212.4 -0.099524 -2.9657 -4.8496 0 0 0
212.6 -0.092304 -2.9253 -4.9119 0 0 0
212.8 -0.12994 -2.9398 -5.0201 0 0 0
213 -0.041654 -2.963 -4.9282 0 0 0
213.2 -0.050138 -3.1114 -4.9269 0 0 0
213.4 -0.13875 -3.158 -4.8587 0 0 0
213.6 -0.098373 -3.3382 -4.9215 0 0 0
213.8 -0.15264 -3.5439 -4.9297 0 0 0
214 -0.068343 -3.4586 -4.8791 0 0 0
214.2 -0.16159 -3.404 -4.8569 0 0 0
214.4 -0.11564 -3.3576 -4.8491 0 0 0
214.6 -0.10358 -3.3012 -4.7576 0 0 0
214.8 -0.11547 -3.2423 -4.6779 0 0 0
215 -0.17066 -3.2611 -4.7196 0 0 0
215.2 -0.14274 -3.3054 -4.7714 0 0 0
215.4 -0.17027 -3.1595 -4.7714 0 0 0
215.6 -0.14288 -3.1172 -4.6453 0 0 0
215.8 -0.10111 -3.0251 -4.6995 0 0 0
216 -0.076646 -3.0807 -4.7439 0 0 0
216.2 -0.15451 -3.1147 -4.7838 0 0 0
216.4 -0.17673 -3.0765 -4.8363 0 0 0
216.6 -0.13455 -3.0175 -4.8054 0 0 0
216.8 -0.086379 -3.0214 -4.7477 0 0 0
217 -0.10578 -2.9663 -4.8781 0 0 0
217.2 -0.099669 -2.9718 -4.8162 0 0 0
217.4 -0.058629 -3.0913 -4.6886 0 0 0
217.6 -0.10628 -3.1743 -4.7404 0 0 0
217.8 -0.060975 -3.2864 -4.7377 0 0 0
218 -0.0692 -3.3159 -4.5413 0 0 0
218.2 -0.068075 -3.2827 -4.6489 0 0 0
218.4 -0.10459 -3.3095 -4.6456 0 0 0
218.6 -0.11497 -3.2574 -4.5994 0 0 0
218.8 -0.1127 -3.2485 -4.7236 0 0 0
219 -0.063635 -3.1984 -4.6235 0 0 0
219.2 -0.074254 -3.1594 -4.6618 0 0 0
219.4 -0.027766 -3.2195 -4.593 0 0 0
219.6 -0.065643 -3.2299 -4.5733 0 0 0
219.8 -0.076449 -3.2221 -4.7498 0 0 0
220 -0.063104 -3.2034 -4.7402 0 0 0
220.2 -0.053191 -3.2079 -4.6654 0 0 0
220.4 -0.07318 -3.2267 -4.5627 0 0 0
220.6 -0.077573 -3.2427 -4.641 0 0 0
220.8 -0.033091 -3.1877 -4.7015 0 0 0
221 -0.076455 -3.275 -4.6052 0 0 0
221.2 -0.081532 -3.2698 -4.7268 0 0 0
221.4 -0.09402 -3.2903 -4.7573 0 0 0
221.6 -0.11436 -3.2656 -4.7827 0 0 0
221.8 -0.1108 -3.1906 -4.775 0 0 0
222 -0.075953 -3.2057 -4.901 0 0 0
222.2 -0.084119 -3.1873 -4.9489 0 0 0
222.4 -0.063559 -3.1279 -4.9325 0 0 0
222.6 -0.060364 -3.101 -4.9172 0 0 0
222.8 -0.095924 -3.0898 -4.9539 0 0 0
223 -0.076378 -3.0413 -4.9188 0 0 0
223.2 -0.086047 -2.9875 -4.9082 0 0 0
223.4 -0.063474 -2.9178 -4.9352 0 0 0
223.6 -0.015503 -2.9506 -4.955 0 0 0
223.8 -0.043375 -3.0194 -4.9312 0 0 0
224 -0.038612 -3.0256 -5.0308 0 0 0
224.2 0.013529 -3.1063 -5.1005 0 0 0
224.4 -0.041868 -3.2094 -5.1669 0 0 0
224.6 -0.06093 -3.2322 -5.1346 0 0 0
224.8 -0.042219 -3.2461 -5.0642 0 0 0
225 -0.053427 -3.1791 -5.0153 0 0 0
225.2 -0.035762 -3.148 -4.9664 0 0 0
225.4 -0.051627 -3.1152 -5.0391 0 0 0
225.6 -0.10739 -3.0913 -5.0333 0 0 0
225.8 -0.072159 -3.0596 -5.0041 0 0 0
226 -0.063684 -3.0634 -5.0362 0 0 0
226.2 -0.077142 -3.0217 -5.0258 0 0 0
226.4 -0.07264 -3.0392 -5.017 0 0 0
226.6 -0.054788 -2.9996 -4.9194 0 0 0
226.8 -0.088684 -3.0202 -4.85 0 0 0
227 -0.11296 -2.9923 -4.9424 0 0 0
227.2 -0.092967 -2.9267 -4.9172 0 0 0
227.4 -0.10441 -2.9172 -5.0526 0 0 0
227.6 -0.12472 -2.9171 -5.0415 0 0 0
227.8 -0.085229 -2.9429 -5.0987 0 0 0
228 -0.097878 -2.8867 -5.002 0 0 0
228.2 -0.083734 -2.7723 -4.9762 0 0 0
228.4 -0.10672 -2.7535 -5.1014 0 0 0
228.6 -0.09385 -2.7068 -5.0856 0 0 0
228.8 -0.072414 -2.8048 -5.0949 0 0 0
229 -0.059355 -2.8993 -5.0274 0 0 0
229.2 -0.054744 -2.965 -4.9884 0 0 0
229.4 -0.050143 -2.9765 -4.891 0 0 0
229.6 -0.024582 -3.0008 -5.0055 0 0 0
229.8 -0.080899 -3.0227 -5.1593 0 0 0
230 -0.10823 -3.0567 -5.1943 0 0 0
230.2 -0.093088 -2.9859 -5.1088 0 0 0
230.4 -0.073123 -2.9572 -5.1259 0 0 0
230.6 -0.11041 -2.9372 -5.2178 0 0 0
230.8 -0.092533 -2.8851 -5.2097 0 0 0
231 -0.11872 -2.9576 -5.1259 0 0 0
231.2 -0.10583 -2.9043 -5.1518 0 0 0
231.4 -0.069683 -2.8918 -5.134 0 0 0
231.6 -0.077845 -2.8858 -5.1068 0 0 0
231.8 -0.12918 -2.8112 -5.1773 0 0 0
232 -0.14952 -2.8285 -5.0704 0 0 0
232.2 -0.13014 -2.8536 -5.1552 0 0 0
232.4 -0.1296 -2.7951 -5.1965 0 0 0
232.6 -0.10689 -2.7327 -5.2093 0 0 0
232.8 -0.09129 -2.6894 -5.3118 0 0 0
233 -0.070344 -2.6714 -5.3633 0 0 0
233.2 -0.077448 -2.7501 -5.2859 0 0 0
233.4 -0.029455 -2.755 -5.2342 0 0 0
233.6 -0.010873 -2.838 -5.2354 0 0 0
233.8 -0.047166 -2.9708 -5.322 0 0 0
234 -0.079737 -3.0326 -5.4681 0 0 0
234.2 -0.10193 -2.9863 -5.4602 0 0 0
234.4 -0.13258 -3.0117 -5.4661 0 0 0
234.6 -0.11123 -3.008 -5.343 0 0 0
234.8 -0.1063 -3.0026 -5.2718 0 0 0
235 -0.12892 -2.9949 -5.4259 0 0 0
235.2 -0.15822 -3.0482 -5.5191 0 0 0
235.4 -0.15308 -3.0432 -5.4923 0 0 0
235.6 -0.13781 -3.0011 -5.4699 0 0 0
235.8 -0.15283 -2.9927 -5.5664 0 0 0
236 -0.15382 -3.0097 -5.4067 0 0 0
236.2 -0.12885 -3.0025 -5.4008 0 0 0
236.4 -0.16587 -2.9883 -5.468 0 0 0
236.6 -0.17319 -3.0388 -5.3687 0 0 0
236.8 -0.16963 -2.9807 -5.4241 0 0 0
237 -0.14337 -2.9797 -5.423 0 0 0
237.2 -0.10935 -3.0197 -5.475 0 0 0
237.4 -0.077329 -3.0663 -5.5186 0 0 0
237.6 -0.10706 -3.0292 -5.4173 0 0 0
237.8 -0.12725 -2.9854 -5.4155 0 0 0
238 -0.12433 -2.9488 -5.5087 0 0 0
238.2 -0.10668 -3.0515 -5.5016 0 0 0
238.4 -0.093085 -3.2089 -5.3976 0 0 0
238.6 -0.16311 -3.3387 -5.3521 0 0 0
238.8 -0.13947 -3.3587 -5.2436 0 0 0
239 -0.028887 -3.225 -5.3696 0 0 0
239.2 -0.11838 -3.2129 -5.4645 0 0 0
239.4 -0.107 -3.1341 -5.496 0 0 0
239.6 -0.072822 -3.1819 -5.4163 0 0 0
239.8 -0.079436 -3.1878 -5.4684 0 0 0
240 -0.031062 -3.1301 -5.3406 0 0 0
240.2 -0.080732 -3.1406 -5.3622 0 0 0
240.4 -0.13717 -3.0906 -5.397 0 0 0
240.6 -0.0747 -3.0415 -5.2965 0 0 0
240.8 -0.064438 -3.013 -5.2947 0 0 0
241 -0.066959 -2.9838 -5.2748 0 0 0
241.2 -0.093442 -2.9722 -5.3026 0 0 0
241.4 -0.1213 -2.9354 -5.4033 0 0 0
241.6 -0.1319 -2.924 -5.4473 0 0 0
241.8 -0.064511 -2.9494 -5.4323 0 0 0
242 -0.042462 -2.962 -5.3596 0 0 0
242.2 -0.026276 -2.9237 -5.3563 0 0 0
242.4 -0.029616 -2.8728 -5.3126 0 0 0
242.6 -0.054215 -2.8738 -5.3311 0 0 0
242.8 -0.10337 -2.8968 -5.2631 0 0 0
243 -0.13034 -2.8652 -5.3233 0 0 0
243.2 -0.15148 -2.8511 -5.3262 0 0 0
243.4 -0.10971 -2.8756 -5.3244 0 0 0
243.6 -0.073027 -2.8337 -5.4144 0 0 0
243.8 -0.047074 -2.8592 -5.3425 0 0 0
244 -0.030836 -2.8195 -5.4395 0 0 0
244.2 -0.01069 -2.8236 -5.4032 0 0 0
244.4 -0.01353 -2.8214 -5.2372 0 0 0
244.6 -0.075198 -2.742 -5.2975 0 0 0
244.8 -0.034942 -2.8052 -5.2865 0 0 0
245 -0.02902 -2.8497 -5.3593 0 0 0
245.2 -0.01157 -2.945 -5.4393 0 0 0
245.4 -0.045647 -3.1049 -5.418 0 0 0
245.6 -0.024029 -3.2364 -5.4683 0 0 0
245.8 -0.093135 -3.2515 -5.5287 0 0 0
246 -0.24808 -3.0782 -5.3341 0 0 0
246.2 -0.26092 -2.9462 -5.2438 0 0 0
246.4 -0.090061 -3.0879 -5.479 0 0 0
246.6 -0.10642 -3.1536 -5.4008 0 0 0
246.8 -0.065686 -3.1482 -5.5419 0 0 0
247 -0.044356 -3.2098 -5.518 0 0 0
247.2 -0.061153 -3.1882 -5.5192 0 0 0
247.4 -0.058147 -3.1695 -5.5983 0 0 0
247.6 -0.058825 -3.1173 -5.459 0 0 0
247.8 -0.10605 -3.0568 -5.58 0 0 0
248 -0.11443 -3.0795 -5.5247 0 0 0
248.2 -0.079763 -3.0557 -5.4006 0 0 0
248.4 -0.078634 -2.9687 -5.4838 0 0 0
248.6 -0.071844 -2.9794 -5.5922 0 0 0
248.8 -0.055154 -2.9737 -5.5456 0 0 0
249 -0.064249 -3.028 -5.4943 0 0 0
249.2 -0.092818 -2.9924 -5.418 0 0 0
249.4 -0.086493 -2.9882 -5.4231 0 0 0
249.6 -0.01546 -3.022 -5.6098 0 0 0
249.8 -0.020586 -3.0994 -5.6487 0 0 0
250 -0.046789 -3.2201 -5.6242 0 0 0
250.2 -0.065382 -3.2649 -5.656 0 0 0
250.4 -0.13512 -3.2492 -5.7364 0 0 0
250.6 -0.10824 -3.1763 -5.6051 0 0 0
250.8 -0.072811 -3.174 -5.5901 0 0 0
251 -0.11998 -3.1718 -5.7023 0 0 0
251.2 -0.068107 -3.1678 -5.5803 0 0 0
251.4 -0.13057 -3.1532 -5.5562 0 0 0
251.6 -0.14816 -3.1261 -5.6119 0 0 0
251.8 -0.18058 -3.0481 -5.6468 0 0 0
252 -0.12256 -3.0023 -5.643 0 0 0
252.2 -0.065174 -2.99 -5.5726 0 0 0
252.4 -0.066586 -3.0362 -5.5467 0 0 0
252.6 -0.074033 -2.9286 -5.4416 0 0 0
252.8 -0.037699 -2.8888 -5.4832 0 0 0
253 -0.055686 -2.9011 -5.6177 0 0 0
253.2 -0.04604 -3.0427 -5.5715 0 0 0
253.4 -0.065345 -3.0772 -5.5133 0 0 0
253.6 -0.066614 -3.1291 -5.4172 0 0 0
253.8 -0.086142 -3.211 -5.4757 0 0 0
254 -0.11102 -3.2619 -5.6548 0 0 0
254.2 -0.13026 -3.2158 -5.7202 0 0 0
254.4 -0.072745 -3.224 -5.7858 0 0 0
254.6 -0.11115 -3.2863 -5.6619 0 0 0
254.8 -0.15758 -3.2613 -5.6898 0 0 0
255 -0.17974 -3.1577 -5.6053 0 0 0
255.2 -0.11519 -3.1229 -5.6248 0 0 0
255.4 -0.15225 -3.0425 -5.6997 0 0 0
255.6 -0.1029 -3.0608 -5.7504 0 0 0
255.8 -0.10254 -3.1331 -5.5535 0 0 0
256 -0.16631 -3.2509 -5.5825 0 0 0
256.2 -0.16589 -3.4192 -5.7553 0 0 0
256.4 -0.16158 -3.3895 -5.8709 0 0 0
256.6 -0.17938 -3.3976 -5.746 0 0 0
256.8 -0.191 -3.3361 -5.8241 0 0 0
257 -0.14037 -3.3006 -5.8916 0 0 0
257.2 -0.16744 -3.167 -5.9388 0 0 0
257.4 -0.13596 -3.137 -5.8379 0 0 0
257.6 -0.1592 -3.2767 -5.7251 0 0 0
257.8 -0.12984 -3.3625 -5.7561 0 0 0
258 -0.14095 -3.2462 -5.8358 0 0 0
258.2 -0.14509 -3.2145 -5.9173 0 0 0
258.4 -0.14918 -3.2829 -5.9905 0 0 0
258.6 -0.11171 -3.2855 -5.9449 0 0 0
258.8 -0.10648 -3.3251 -5.874 0 0 0
259 -0.1269 -3.3012 -5.7481 0 0 0
259.2 -0.12312 -3.2662 -5.707 0 0 0
259.4 -0.20093 -3.2194 -5.8535 0 0 0
259.6 -0.16322 -3.2236 -5.8468 0 0 0
259.8 -0.1219 -3.2275 -5.8458 0 0 0
260 -0.14038 -3.2924 -5.705 0 0 0
260.2 -0.20505 -3.2537 -5.7183 0 0 0
260.4 -0.17102 -3.2563 -5.7243 0 0 0
260.6 -0.13651 -3.2929 -5.7293 0 0 0
260.8 -0.15948 -3.3377 -5.7958 0 0 0
261 -0.17964 -3.2798 -5.7999 0 0 0
261.2 -0.16129 -3.2553 -5.8009 0 0 0
261.4 -0.11866 -3.2719 -5.8401 0 0 0
261.6 -0.14688 -3.2966 -5.894 0 0 0
261.8 -0.15149 -3.2432 -5.8304 0 0 0
262 -0.16888 -3.2287 -5.7462 0 0 0
262.2 -0.12489 -3.2065 -5.7853 0 0 0
262.4 -0.11679 -3.1442 -5.789 0 0 0
262.6 -0.12314 -3.0873 -5.8163 0 0 0
262.8 -0.15599 -3.0286 -5.7623 0 0 0
263 -0.13211 -3.0791 -5.6877 0 0 0
263.2 -0.11178 -3.0609 -5.8069 0 0 0
263.4 -0.10832 -3.0276 -5.835 0 0 0
263.6 -0.078544 -3.0436 -5.803 0 0 0
263.8 -0.073536 -3.0857 -5.8553 0 0 0
264 -0.065436 -3.1594 -5.8634 0 0 0
264.2 -0.0778 -3.2313 -5.9882 0 0 0
264.4 -0.078609 -3.3087 -5.8841 0 0 0
264.6 -0.063712 -3.4083 -5.8738 0 0 0
264.8 -0.063368 -3.3586 -5.9819 0 0 0
265 -0.056332 -3.4095 -5.9323 0 0 0
265.2 -0.068953 -3.4032 -5.8669 0 0 0
265.4 -0.11745 -3.4011 -5.9078 0 0 0
265.6 -0.15549 -3.3817 -5.9029 0 0 0
265.8 -0.15641 -3.329 -5.8979 0 0 0
266 -0.18678 -3.2754 -5.9293 0 0 0
266.2 -0.12996 -3.2681 -5.9548 0 0 0
266.4 -0.13958 -3.2516 -5.8179 0 0 0
266.6 -0.11506 -3.228 -5.8959 0 0 0
266.8 -0.11332 -3.211 -5.9385 0 0 0
267 -0.14394 -3.1742 -5.9298 0 0 0
267.2 -0.12145 -3.153 -6.0514 0 0 0
267.4 -0.090117 -3.1622 -6.0166 0 0 0
267.6 -0.13034 -3.1803 -5.9046 0 0 0
267.8 -0.12125 -3.0907 -5.9698 0 0 0
268 -0.19359 -2.8469 -5.8289 0 0 0
268.2 -0.21857 -2.7947 -5.6921 0 0 0
268.4 -0.10234 -2.9753 -5.8367 0 0 0
268.6 -0.10209 -3.2003 -5.9114 0 0 0
268.8 -0.096409 -3.3725 -6.0996 0 0 0
269 -0.077312 -3.4347 -6.1471 0 0 0
269.2 -0.092757 -3.466 -6.0612 0 0 0
269.4 -0.080161 -3.4458 -6.0291 0 0 0
269.6 -0.08518 -3.4189 -6.0797 0 0 0
269.8 -0.1014 -3.4764 -6.0109 0 0 0
270 -0.12051 -3.4178 -6.0888 0 0 0
270.2 -0.127 -3.3867 -6.2021 0 0 0
270.4 -0.1598 -3.4181 -6.214 0 0 0
270.6 -0.097257 -3.3801 -6.1181 0 0 0
270.8 -0.14429 -3.3138 -6.0717 0 0 0
271 -0.11768 -3.3149 -6.0103 0 0 0
271.2 -0.083071 -3.2216 -6.0015 0 0 0
271.4 -0.10988 -3.1936 -6.0329 0 0 0
271.6 -0.10439 -3.2042 -6.013 0 0 0
271.8 -0.10936 -3.1957 -5.9675 0 0 0
272 -0.0819 -3.1598 -5.9229 0 0 0
272.2 -0.043686 -3.1189 -5.9803 0 0 0
272.4 -0.077677 -3.2046 -6.1543 0 0 0
272.6 -0.089766 -3.2751 -6.1193 0 0 0
272.8 -0.077594 -3.3956 -6.0537 0 0 0
273 -0.075286 -3.4999 -6.1274 0 0 0
273.2 -0.12656 -3.5533 -6.2151 0 0 0
273.4 -0.13629 -3.589 -6.2088 0 0 0
273.6 -0.19378 -3.5503 -6.1634 0 0 0
273.8 -0.14069 -3.521 -6.1614 0 0 0
274 -0.13312 -3.5209 -6.0696 0 0 0
274.2 -0.18553 -3.4765 -6.2003 0 0 0
274.4 -0.1301 -3.4371 -6.0667 0 0 0
274.6 -0.17464 -3.4502 -6.0856 0 0 0
274.8 -0.12623 -3.413 -6.0819 0 0 0
275 -0.13337 -3.4008 -6.217 0 0 0
275.2 -0.13989 -3.3764 -6.0436 0 0 0
275.4 -0.12936 -3.3272 -6.1437 0 0 0
275.6 -0.12383 -3.2987 -6.105 0 0 0
275.8 -0.11517 -3.2502 -6.126 0 0 0
276 -0.11945 -3.305 -6.2635 0 0 0
276.2 -0.13907 -3.3446 -6.1209 0 0 0
276.4 -0.11877 -3.2772 -6.0199 0 0 0
276.6 -0.081098 -3.2745 -6.1335 0 0 0
276.8 -0.10694 -3.3107 -6.195 0 0 0
277 -0.066453 -3.367 -6.1598 0 0 0
277.2 -0.08134 -3.5027 -6.1945 0 0 0
277.4 -0.093726 -3.6319 -6.3785 0 0 0
277.6 -0.11363 -3.7364 -6.3698 0 0 0
277.8 -0.11036 -3.8289 -6.4057 0 0 0
278 -0.13237 -3.7893 -6.2829 0 0 0
278.2 -0.09812 -3.7901 -6.3364 0 0 0
278.4 -0.08141 -3.7996 -6.3753 0 0 0
278.6 -0.046079 -3.8027 -6.3142 0 0 0
278.8 -0.07429 -3.7545 -6.3897 0 0 0
279 -0.13278 -3.778 -6.5299 0 0 0
279.2 -0.068583 -3.7702 -6.4687 0 0 0
279.4 -0.12227 -3.7432 -6.5147 0 0 0
279.6 -0.15021 -3.6893 -6.4736 0 0 0
279.8 -0.083815 -3.6494 -6.447 0 0 0
280 -0.029747 -3.6424 -6.4066 0 0 0
280.2 -0.060874 -3.6448 -6.5012 0 0 0
280.4 -0.09172 -3.6194 -6.4318 0 0 0
280.6 -0.089927 -3.6277 -6.3474 0 0 0
280.8 -0.11712 -3.6028 -6.4558 0 0 0
281 -0.088695 -3.5409 -6.467 0 0 0
281.2 -0.11151 -3.5942 -6.4935 0 0 0
281.4 -0.134 -3.6745 -6.4487 0 0 0
281.6 -0.10048 -3.7229 -6.4339 0 0 0
281.8 -0.10149 -3.8212 -6.4357 0 0 0
282 -0.063827 -3.8904 -6.4188 0 0 0
282.2 -0.048731 -4.0511 -6.4658 0 0 0
282.4 -0.000888 -4.0676 -6.5357 0 0 0
282.6 -0.077814 -4.0742 -6.4511 0 0 0
282.8 -0.12957 -4.0331 -6.4569 0 0 0
283 -0.12272 -3.9851 -6.4063 0 0 0
283.2 -0.11296 -3.9028 -6.543 0 0 0
283.4 -0.064585 -3.8556 -6.4346 0 0 0
283.6 -0.070686 -3.8412 -6.4839 0 0 0
283.8 -0.074572 -3.8467 -6.479 0 0 0
284 -0.067795 -3.7692 -6.397 0 0 0
284.2 0.008124 -3.7123 -6.4109 0 0 0
284.4 -0.032276 -3.7331 -6.4315 0 0 0
284.6 -0.037687 -3.7413 -6.3547 0 0 0
284.8 -0.041355 -3.6883 -6.4783 0 0 0
285 -0.042748 -3.7066 -6.4304 0 0 0
285.2 -0.074577 -3.6338 -6.4754 0 0 0
285.4 -0.073797 -3.615 -6.5887 0 0 0
285.6 -0.068832 -3.6136 -6.3944 0 0 0
285.8 -0.087206 -3.6471 -6.435 0 0 0
286 -0.050229 -3.7255 -6.5694 0 0 0
286.2 -0.028047 -3.7938 -6.4806 0 0 0
286.4 -0.098462 -3.9357 -6.5324 0 0 0
286.6 -0.092563 -3.9773 -6.5122 0 0 0
286.8 -0.065658 -3.9519 -6.5355 0 0 0
287 -0.094798 -3.9178 -6.5412 0 0 0
287.2 -0.099872 -3.9144 -6.5071 0 0 0
287.4 -0.049812 -3.8675 -6.4524 0 0 0
287.6 -0.10335 -3.8008 -6.4643 0 0 0
287.8 -0.097004 -3.7901 -6.4406 0 0 0
288 -0.054878 -3.7629 -6.5652 0 0 0
288.2 -0.11567 -3.7457 -6.5854 0 0 0
288.4 -0.077503 -3.6631 -6.5884 0 0 0
288.6 -0.031774 -3.6208 -6.6552 0 0 0
288.8 -0.04608 -3.6328 -6.6489 0 0 0
289 -0.033049 -3.7014 -6.6318 0 0 0
289.2 -0.065397 -3.85 -6.6791 0 0 0
289.4 -0.074066 -4.0023 -6.584 0 0 0
289.6 -0.059968 -3.9513 -6.7205 0 0 0
289.8 -0.031674 -3.9446 -6.5902 0 0 0
290 -0.032006 -3.9244 -6.5673 0 0 0
290.2 -0.084607 -3.9243 -6.6584 0 0 0
290.4 -0.12006 -3.9587 -6.6573 0 0 0
290.6 -0.090503 -3.9351 -6.5671 0 0 0
290.8 -0.050019 -3.9377 -6.642 0 0 0
291 -0.045082 -3.9301 -6.6472 0 0 0
291.2 -0.040848 -3.9315 -6.6564 0 0 0
291.4 -0.095953 -3.9465 -6.6629 0 0 0
