0 0 0 0 0 0 0
0.2 0.075283 -0.21994 -0.032212 0 0 0
0.4 0.12531 -0.18031 0.12296 0 0 0
0.6 0.12072 -0.073359 0.049082 0 0 0
0.8 0.24913 -0.016878 0.040571 0 0 0
1 0.30041 0.153 0.33973 0 0 0
1.2 0.26849 0.33545 0.42302 0 0 0
1.4 0.24442 0.25498 0.34651 0 0 0
1.6 0.19824 0.27449 0.084995 0 0 0
1.8 0.15186 0.32472 0.072778 0 0 0
2 0.16178 0.14607 0.21494 0 0 0
2.2 0.20433 0.17259 0.53109 0 0 0
2.4 0.070889 -0.016378 0.40555 0 0 0
2.6 -0.004058 -0.20181 0.26077 0 0 0
2.8 0.15478 -0.11413 0.30891 0 0 0
3 0.16864 0.048284 0.20348 0 0 0
3.2 0.087048 0.24014 0.37662 0 0 0
3.4 0.11492 0.2856 0.59569 0 0 0
3.6 0.21459 0.37777 0.74552 0 0 0
3.8 0.1866 0.40945 0.72085 0 0 0
4 0.23304 0.31522 0.70189 0 0 0
4.2 0.27563 0.29533 0.77826 0 0 0
4.4 0.28428 0.18283 0.96714 0 0 0
4.6 0.2082 0.16543 1.2039 0 0 0
4.8 0.026542 0.14393 1.1542 0 0 0
5 0.10817 0.21181 1.0376 0 0 0
5.2 0.24948 0.19133 0.93829 0 0 0
5.4 0.20933 0.332 1.042 0 0 0
5.6 0.14034 0.32895 1.3092 0 0 0
5.8 0.13961 0.47044 1.5889 0 0 0
6 0.15468 0.368 1.6036 0 0 0
6.2 0.16213 0.30655 1.3372 0 0 0
6.4 0.15306 0.39467 1.5794 0 0 0
6.6 0.14577 0.38347 1.7843 0 0 0
6.8 0.11444 0.2685 2.0217 0 0 0
7 0.005304 0.19175 2.1933 0 0 0 
7.2 -0.018692 -0.040426 2.0591 0 0 0
7.4 0.042596 0.025559 1.8015 0 0 0
7.6 0.15247 0.17431 2.0925 0 0 0
7.8 0.12137 0.43946 2.0511 0 0 0
8 0.13831 0.41532 1.8594 0 0 0
8.2 0.22067 0.4346 1.5932 0 0 0
8.4 0.25386 0.5014 1.6151 0 0 0
8.6 0.17177 0.43775 1.6236 0 0 0
8.8 0.11155 0.43743 1.9188 0 0 0
9 0.13227 0.33385 1.7455 0 0 0
9.2 0.089976 0.27599 1.5302 0 0 0
9.4 -0.11109 0.1544 1.6099 0 0 0
9.6 -0.08184 -0.040983 1.6222 0 0 0
9.8 -0.055926 -0.15371 1.768 0 0 0
10 -0.058189 -0.19382 1.4066 0 0 0
10.2 -0.1165 -0.045865 1.3739 0 0 0
10.4 0.055826 0.032535 1.4879 0 0 0
10.6 0.070536 0.18824 1.399 0 0 0
10.8 0.032377 0.18309 1.3921 0 0 0
11 0.25302 0.19602 1.64 0 0 0
11.2 0.23839 0.31896 1.6956 0 0 0
11.4 0.099017 0.37257 1.6193 0 0 0
11.6 0.085912 0.4144 1.3386 0 0 0
11.8 0.14098 0.46353 1.8602 0 0 0
12 -0.043487 0.25262 1.9713 0 0 0
12.2 -0.15945 0.025257 1.889 0 0 0
12.4 -0.10019 -0.083772 1.7876 0 0 0
12.6 -0.1628 0.18471 1.6787 0 0 0
12.8 -0.027048 0.20055 1.6382 0 0 0
13 0.10018 0.28162 1.8373 0 0 0
13.2 0.059019 0.41265 1.7935 0 0 0
13.4 -0.003385 0.44465 1.9604 0 0 0
13.6 -0.083314 0.47198 1.7415 0 0 0
13.8 0.024527 0.60094 1.8362 0 0 0
14 -0.008087 0.36828 2.1584 0 0 0
14.2 0.014176 0.28665 2.1168 0 0 0
14.4 -0.10151 0.14463 1.8897 0 0 0
14.6 -0.25693 -0.10499 1.6414 0 0 0
14.8 -0.168 -0.1998 1.8272 0 0 0
15 -0.20335 0.090457 1.945 0 0 0
15.2 0.002056 0.26945 1.7516 0 0 0
15.4 0.15297 0.23942 1.6302 0 0 0
15.6 -0.058326 0.35384 1.723 0 0 0
15.8 -0.045743 0.46688 1.6756 0 0 0
16 -0.042266 0.51642 1.6317 0 0 0
16.2 -0.15632 0.53745 1.3863 0 0 0
16.4 -0.14959 0.36873 1.3114 0 0 0
16.6 -0.016054 0.44605 1.5056 0 0 0
16.8 -0.000873 0.50117 1.5969 0 0 0
17 -0.017269 0.38056 1.8475 0 0 0
17.2 -0.006332 0.17229 1.8766 0 0 0
17.4 -0.24353 0.094076 1.9874 0 0 0
17.6 -0.26086 0.21022 2.0869 0 0 0
17.8 -0.22219 0.19001 1.9433 0 0 0
18 0.007019 0.17024 2.0029 0 0 0
18.2 0.011983 0.23492 1.9697 0 0 0
18.4 -0.033757 0.40755 2.4149 0 0 0
18.6 -0.037038 0.4882 2.1499 0 0 0
18.8 0.098659 0.48971 2.0663 0 0 0
19 0.12362 0.57021 2.3515 0 0 0
19.2 0.14638 0.67536 2.5835 0 0 0
19.4 0.042897 0.77473 2.7464 0 0 0
19.6 0.025033 0.65638 2.483 0 0 0
19.8 0.023762 0.58559 2.7357 0 0 0
20 -0.18944 0.54958 2.9245 0 0 0
20.2 -0.20923 0.32582 2.9303 0 0 0
20.4 -0.17052 0.23305 2.9427 0 0 0
20.6 -0.1103 0.44569 2.9753 0 0 0
20.8 -0.12947 0.56941 2.9855 0 0 0
21 -0.006826 0.60965 3.2455 0 0 0
21.2 0.050256 0.67612 3.3263 0 0 0
21.4 -0.034614 0.84345 3.2595 0 0 0
21.6 -0.16617 0.87242 2.9562 0 0 0
21.8 -0.18507 0.89589 2.6533 0 0 0
22 -0.2334 0.77698 2.516 0 0 0
22.2 -0.14992 0.52214 2.4737 0 0 0
22.4 -0.11285 0.46219 2.4239 0 0 0
22.6 -0.16642 0.42888 2.9032 0 0 0
22.8 -0.35236 0.29379 3.2206 0 0 0
23 -0.20442 0.44077 3.2631 0 0 0
23.2 -0.095143 0.54458 3.1987 0 0 0
23.4 -0.054045 0.62701 3.1854 0 0 0
23.6 -0.09592 0.76735 3.122 0 0 0
23.8 -0.033769 0.66785 2.8498 0 0 0
24 0.061048 0.6471 3.0495 0 0 0
24.2 0.10325 0.59824 3.1504 0 0 0
24.4 0.086698 0.56302 3.2411 0 0 0
24.6 -0.079833 0.55498 2.9702 0 0 0
24.8 -0.1849 0.31609 2.6141 0 0 0
25 -0.14287 0.093146 2.8855 0 0 0
25.2 -0.065963 0.1483 3.1042 0 0 0
25.4 -0.2119 0.34842 2.8992 0 0 0
25.6 -0.15871 0.51638 2.7743 0 0 0
25.8 -0.003007 0.54064 2.7171 0 0 0
26 -0.021571 0.67155 2.7483 0 0 0
26.2 0.081116 0.74049 2.6691 0 0 0
26.4 -0.057127 0.87946 2.5851 0 0 0
26.6 -0.10788 0.98979 2.8705 0 0 0
26.8 -0.10824 1.06 2.8794 0 0 0
27 -0.047926 0.98495 2.9683 0 0 0
27.2 -0.088553 0.93732 3.0118 0 0 0
27.4 0.026008 1.0152 3.0673 0 0 0
27.6 0.03787 0.98201 3.0541 0 0 0
27.8 0.032128 0.98404 2.9875 0 0 0
28 0.018826 1.0168 2.9451 0 0 0
28.2 -0.004842 0.9588 2.8598 0 0 0
28.4 0.17888 0.94112 2.8975 0 0 0
28.6 0.13095 0.85925 2.8562 0 0 0
28.8 -0.07018 0.59022 2.8003 0 0 0
29 -0.12724 0.36695 2.6743 0 0 0
29.2 -0.15298 0.3356 2.5049 0 0 0
29.4 -0.058443 0.37293 2.284 0 0 0
29.6 0.050965 0.45131 2.4057 0 0 0
29.8 0.084831 0.62191 2.376 0 0 0
30 0.087469 0.74167 2.4921 0 0 0
30.2 0.12156 0.71218 2.554 0 0 0
30.4 0.15258 0.73342 2.2211 0 0 0
30.6 0.18751 0.61735 1.7341 0 0 0
30.8 0.17791 0.72439 1.7388 0 0 0
31 0.174 0.92272 1.9313 0 0 0
31.2 0.039637 0.90162 2.0525 0 0 0
31.4 0.035652 0.8222 1.9254 0 0 0
31.6 0.041811 0.45093 1.8767 0 0 0
31.8 -0.082348 0.31312 1.7157 0 0 0
32 -0.19667 0.11854 1.8537 0 0 0
32.2 -0.16501 -0.086037 1.8881 0 0 0
32.4 -0.1442 -0.1282 2.1855 0 0 0
32.6 -0.19976 -0.15876 1.4841 0 0 0
32.8 -0.19308 0.087582 1.5801 0 0 0
33 -0.16711 0.28915 1.7127 0 0 0
33.2 -0.11675 0.383 1.7204 0 0 0
33.4 -0.073147 0.50662 1.734 0 0 0
33.6 0.023432 0.50314 1.6773 0 0 0
33.8 -0.12891 0.46739 1.0914 0 0 0
34 -0.18913 0.58602 1.3711 0 0 0
34.2 -0.17812 0.70688 1.637 0 0 0
34.4 -0.10139 0.5601 1.529 0 0 0
34.6 -0.059532 0.51722 1.8182 0 0 0
34.8 -0.13397 0.48251 1.6093 0 0 0
35 -0.14352 0.34611 1.9291 0 0 0
35.2 -0.25869 0.077573 1.772 0 0 0
35.4 -0.28665 -0.028656 1.6571 0 0 0
35.6 -0.27672 -0.12856 1.0462 0 0 0
35.8 -0.21746 0.35466 1.3523 0 0 0
36 -0.20829 0.43418 1.4099 0 0 0
36.2 -0.15067 0.20885 1.2942 0 0 0
36.4 -0.12228 0.41917 1.4388 0 0 0
36.6 -0.17289 0.49514 1.3738 0 0 0
36.8 -0.1988 0.49638 1.6735 0 0 0
37 -0.24712 0.51374 1.7688 0 0 0
37.2 -0.23622 0.6845 1.7847 0 0 0
37.4 -0.30854 0.65041 1.4912 0 0 0
37.6 -0.31681 0.43955 1.4599 0 0 0
37.8 -0.33555 0.31908 1.6702 0 0 0
38 -0.45407 0.31872 1.914 0 0 0
38.2 -0.53948 0.21684 1.9753 0 0 0
38.4 -0.48884 0.36268 2.0024 0 0 0
38.6 -0.43273 0.3759 2.1314 0 0 0
38.8 -0.36783 0.38931 2.1476 0 0 0
39 -0.33383 0.60784 2.114 0 0 0
39.2 -0.31155 0.72121 2.2934 0 0 0
39.4 -0.29806 0.72952 2.4173 0 0 0
39.6 -0.30934 0.87928 2.6033 0 0 0
39.8 -0.28109 0.84745 2.4117 0 0 0
40 -0.35878 0.68174 2.3931 0 0 0
40.2 -0.30013 0.7514 2.3876 0 0 0
40.4 -0.26808 0.83032 2.3795 0 0 0
40.6 -0.27819 0.6606 2.6878 0 0 0
40.8 -0.24526 0.61803 3.0834 0 0 0
41 -0.2522 0.77093 3.0941 0 0 0
41.2 -0.28132 1.1077 3.1088 0 0 0
41.4 -0.27937 1.0877 3.4837 0 0 0
41.6 -0.29142 1.0895 3.5063 0 0 0
41.8 -0.29307 1.2002 3.5579 0 0 0
42 -0.41642 1.3446 3.3829 0 0 0
42.2 -0.42186 1.3847 3.1811 0 0 0
42.4 -0.41163 1.3629 3.2873 0 0 0
42.6 -0.34947 1.2029 3.7371 0 0 0
42.8 -0.34248 1.1329 4.0237 0 0 0
43 -0.58394 0.57671 3.9549 0 0 0
43.2 -0.74833 0.58386 4.072 0 0 0
43.4 -0.65696 0.97271 4.4196 0 0 0
43.6 -0.49132 0.99793 4.6182 0 0 0
43.8 -0.41956 1.1 4.5433 0 0 0
44 -0.42172 0.9806 3.9266 0 0 0
44.2 -0.45171 1.0236 4.3142 0 0 0
44.4 -0.41041 1.035 4.7167 0 0 0
44.6 -0.39529 1.0484 4.4279 0 0 0
44.8 -0.42034 1.1276 4.4657 0 0 0
45 -0.46972 1.0526 4.8765 0 0 0
45.2 -0.54809 1.1222 5.057 0 0 0
45.4 -0.43261 1.0035 5.1849 0 0 0
45.6 -0.43616 0.67343 5.3541 0 0 0
45.8 -0.42926 0.57042 5.2438 0 0 0
46 -0.58733 0.29221 4.8881 0 0 0
46.2 -0.59688 0.4085 4.8751 0 0 0
46.4 -0.58483 0.60052 4.8227 0 0 0
46.6 -0.44632 0.80656 4.9448 0 0 0
46.8 -0.50038 0.95602 4.9734 0 0 0
47 -0.51218 1.0851 5.1091 0 0 0
47.2 -0.54114 0.9935 4.7265 0 0 0
47.4 -0.58813 0.9596 4.0098 0 0 0
47.6 -0.51276 1.1195 4.6888 0 0 0
47.8 -0.57212 1.2735 4.7435 0 0 0
48 -0.55452 1.1839 5.0146 0 0 0
48.2 -0.56295 1.2875 5.1073 0 0 0
48.4 -0.5347 1.3021 5.138 0 0 0
48.6 -0.53204 1.2081 5.2102 0 0 0
48.8 -0.57095 0.95739 4.7685 0 0 0
49 -0.69322 1.0698 5.1052 0 0 0
49.2 -0.6182 1.2497 5.1327 0 0 0
49.4 -0.6275 1.2507 4.9704 0 0 0
49.6 -0.76825 1.3543 5.256 0 0 0
49.8 -0.72952 1.3093 5.4739 0 0 0
50 -0.69706 1.2298 5.431 0 0 0
50.2 -0.73702 1.4235 5.2256 0 0 0
50.4 -0.72586 1.2345 5.1259 0 0 0
50.6 -0.79743 1.3084 5.5554 0 0 0
50.8 -0.80517 1.3457 5.318 0 0 0
51 -0.70716 1.1298 5.1371 0 0 0
51.2 -0.7572 0.89312 4.6399 0 0 0
51.4 -0.82855 0.87182 4.6289 0 0 0
51.6 -0.79465 0.86431 4.6584 0 0 0
51.8 -0.7344 1.1688 5.6827 0 0 0
52 -0.82312 1.1573 5.7247 0 0 0
52.2 -0.85226 1.3464 5.531 0 0 0
52.4 -0.8671 1.4332 5.3519 0 0 0
52.6 -1.0188 1.4181 5.1674 0 0 0
52.8 -0.96172 1.4439 4.7025 0 0 0
53 -0.84233 1.4854 4.8473 0 0 0
53.2 -0.81335 1.2249 4.8042 0 0 0
53.4 -0.85888 1.3397 4.8172 0 0 0
53.6 -0.91568 1.2163 4.6407 0 0 0
53.8 -0.9718 0.945 4.8499 0 0 0
54 -0.88217 0.72741 4.9674 0 0 0
54.2 -0.80829 0.58708 5.0699 0 0 0
54.4 -0.9157 0.55126 5.0599 0 0 0
54.6 -0.79407 0.7214 4.94 0 0 0
54.8 -0.78355 0.95743 4.6549 0 0 0
55 -1.0451 1.3432 4.5739 0 0 0
55.2 -0.8852 1.1045 4.8115 0 0 0
55.4 -0.61771 1.1271 5.0302 0 0 0
55.6 -0.62935 1.3185 4.6486 0 0 0
55.8 -0.63075 1.2439 4.4609 0 0 0
56 -0.63031 1.2434 4.4168 0 0 0
56.2 -0.63535 1.1888 4.3933 0 0 0
56.4 -0.64497 1.2258 4.13 0 0 0
56.6 -0.59904 0.9249 4.2314 0 0 0
56.8 -0.60262 0.83709 4.3126 0 0 0
57 -0.75223 0.83172 3.9961 0 0 0
57.2 -0.72884 0.80815 4.1544 0 0 0
57.4 -0.56684 0.73497 4.1236 0 0 0
57.6 -0.61356 0.82627 3.8708 0 0 0
57.8 -0.6192 0.96751 4.2505 0 0 0
58 -0.62269 1.0043 4.254 0 0 0
58.2 -0.58159 1.0158 4.1986 0 0 0
58.4 -0.62141 0.91898 3.921 0 0 0
58.6 -0.74057 0.9528 3.8369 0 0 0
58.8 -0.74355 0.92882 3.6712 0 0 0
59 -0.72368 1.0359 3.9703 0 0 0
59.2 -0.61422 0.91279 3.7832 0 0 0
59.4 -0.80295 0.74781 3.8325 0 0 0
59.6 -0.89081 0.61525 3.5931 0 0 0
59.8 -0.80542 0.50023 3.5145 0 0 0
60 -0.72662 0.87057 2.9508 0 0 0
60.2 -0.62831 0.78952 3.134 0 0 0
60.4 -0.67803 0.6967 3.4769 0 0 0
60.6 -0.71868 1.0006 3.5359 0 0 0
60.8 -0.82669 1.04 3.5842 0 0 0
61 -0.79587 1.0407 3.4349 0 0 0
61.2 -0.74482 1.0609 2.9988 0 0 0
61.4 -0.78113 0.92649 3.1395 0 0 0
61.6 -0.77534 0.74449 3.211 0 0 0
61.8 -0.88534 0.55881 3.5609 0 0 0
62 -0.97364 0.56727 2.9679 0 0 0
62.2 -0.90799 0.38567 2.6483 0 0 0
62.4 -0.77448 0.59836 2.5438 0 0 0
62.6 -0.6768 0.7946 3.378 0 0 0
62.8 -0.57971 0.75037 3.1321 0 0 0
63 -0.82103 1.0725 2.4886 0 0 0
63.2 -0.87848 1.4274 2.8477 0 0 0
63.4 -0.5773 0.86392 3.2455 0 0 0
63.6 -0.51954 0.87294 3.2199 0 0 0
63.8 -0.49465 0.63213 2.9824 0 0 0
64 -0.40693 0.47563 2.9574 0 0 0
64.2 -0.5536 0.30517 2.6641 0 0 0
64.4 -0.57456 0.070382 2.6184 0 0 0
64.6 -0.4757 0.18882 2.8213 0 0 0
64.8 -0.47182 0.48109 3.1135 0 0 0
65 -0.49916 0.57165 2.4963 0 0 0
65.2 -0.44198 0.50509 2.7093 0 0 0
65.4 -0.56475 0.5993 2.5623 0 0 0
65.6 -0.5972 0.80678 2.5505 0 0 0
65.8 -0.4464 0.88785 2.6003 0 0 0
66 -0.57035 1.0226 2.6511 0 0 0
66.2 -0.64015 0.89083 2.5939 0 0 0
66.4 -0.57346 0.63006 2.6892 0 0 0
66.6 -0.57332 0.53587 2.5604 0 0 0
66.8 -0.54517 0.40016 2.8322 0 0 0
67 -0.54211 -0.038567 2.6276 0 0 0
67.2 -0.56871 0.053424 2.3755 0 0 0
67.4 -0.52538 0.20888 1.8427 0 0 0
67.6 -0.33993 0.69514 2.0099 0 0 0
67.8 -0.31954 0.66388 2.6451 0 0 0
68 -0.3491 0.50358 2.1833 0 0 0
68.2 -0.38459 0.66739 2.2494 0 0 0
68.4 -0.35131 0.81399 2.1914 0 0 0
68.6 -0.24574 0.80105 2.5374 0 0 0
68.8 -0.25922 0.81008 2.5707 0 0 0
69 -0.28499 0.79831 2.4681 0 0 0
69.2 -0.32327 0.7618 2.5788 0 0 0
69.4 -0.46976 0.64101 2.1482 0 0 0
69.6 -0.42032 0.47841 2.2471 0 0 0
69.8 -0.20815 0.46504 2.7104 0 0 0
70 -0.14273 0.61313 2.6161 0 0 0
70.2 -0.26295 0.58132 2.5092 0 0 0
70.4 -0.34801 0.6779 2.5362 0 0 0
70.6 -0.41833 0.66497 2.3503 0 0 0
70.8 -0.30292 0.72544 1.8491 0 0 0
71 -0.23493 0.67279 1.9108 0 0 0
71.2 -0.35992 0.61249 2.076 0 0 0
71.4 -0.17509 0.71645 2.0054 0 0 0
71.6 -0.29166 0.50845 1.6256 0 0 0
71.8 -0.6053 0.25859 1.598 0 0 0
72 -0.5771 0.023894 1.6388 0 0 0
72.2 -0.47481 -0.12959 0.90521 0 0 0
72.4 -0.39278 0.17079 1.3721 0 0 0
72.6 -0.38282 0.33894 1.6178 0 0 0
72.8 -0.43421 0.37478 1.2785 0 0 0
73 -0.46923 0.46166 1.3007 0 0 0
73.2 -0.50718 0.35654 1.4735 0 0 0
73.4 -0.51283 0.28189 1.0241 0 0 0
73.6 -0.86228 0.34197 0.80779 0 0 0
73.8 -0.64329 0.42389 0.94452 0 0 0
74 -0.39678 0.28391 0.77735 0 0 0
74.2 -0.33886 0.013752 0.8839 0 0 0
74.4 -0.39655 -0.13736 0.9923 0 0 0
74.6 -0.51844 -0.20063 1.1534 0 0 0
74.8 -0.51759 -0.15835 1.2163 0 0 0
75 -0.40608 -0.004714 1.2748 0 0 0
75.2 -0.41819 0.13431 1.2751 0 0 0
75.4 -0.51732 0.18163 0.78026 0 0 0
75.6 -0.58002 0.2103 0.21441 0 0 0
75.8 -0.60972 0.22161 0.66566 0 0 0
76 -0.63624 0.15653 0.67866 0 0 0
76.2 -0.57687 0.22032 0.83352 0 0 0
76.4 -0.51791 0.30904 0.98635 0 0 0
76.6 -0.57418 0.26584 0.50418 0 0 0
76.8 -0.524 0.16728 0.12253 0 0 0
77 -0.60859 0.025769 0.68595 0 0 0
77.2 -0.71271 -0.34253 0.45296 0 0 0
77.4 -0.5589 -0.24402 0.50725 0 0 0
77.6 -0.58739 0.014268 0.39659 0 0 0
77.8 -0.57699 0.053328 0.56016 0 0 0
78 -0.56463 0.15115 0.74152 0 0 0
78.2 -0.66545 -0.036075 -0.21197 0 0 0
78.4 -0.51855 0.07001 0.068383 0 0 0
78.6 -0.6752 0.063253 0.61805 0 0 0
78.8 -0.78567 0.10125 0.54408 0 0 0
79 -0.67574 0.10918 0.59098 0 0 0
79.2 -0.9038 0.20774 0.23378 0 0 0
79.4 -1.152 -0.056448 -0.19284 0 0 0
79.6 -0.78484 -0.23374 -0.33428 0 0 0
79.8 -0.87389 -0.41772 -0.093903 0 0 0
80 -0.80701 -0.40466 0.10833 0 0 0
80.2 -0.77549 -0.31677 0.23467 0 0 0
80.4 -0.78624 -0.40024 0.081746 0 0 0
80.6 -0.73964 -0.2551 0.4603 0 0 0
80.8 -0.94521 0.40064 0.34359 0 0 0
81 -0.803 0.12277 0.22139 0 0 0
81.2 -0.7085 -0.07349 0.042323 0 0 0
81.4 -0.79848 -0.008396 0.2496 0 0 0
81.6 -0.79789 -0.28158 0.76205 0 0 0
81.8 -0.77194 -0.58392 0.082208 0 0 0
82 -0.70784 -0.36358 0.13475 0 0 0
82.2 -0.58277 -0.092232 0.35218 0 0 0
82.4 -0.54652 -0.25305 0.13599 0 0 0
82.6 -0.51939 0.33354 0.22426 0 0 0
82.8 -0.5549 0.42448 0.54914 0 0 0
83 -0.51685 -0.001812 0.49613 0 0 0
83.2 -0.41148 -0.02602 0.65114 0 0 0
83.4 -0.45667 0.43094 0.49173 0 0 0
83.6 -0.41717 0.16899 0.066027 0 0 0
83.8 -0.26257 0.039414 0.21373 0 0 0
84 -0.34413 0.14853 0.76271 0 0 0
84.2 -0.39399 -0.002956 0.2681 0 0 0
84.4 -0.37357 -0.003842 0.44503 0 0 0
84.6 -0.44638 0.15195 0.6931 0 0 0
84.8 -0.74772 0.25764 0.83484 0 0 0
85 -0.44818 -0.14745 0.57314 0 0 0
85.2 -0.52043 -0.36442 0.39946 0 0 0
85.4 -0.59378 -0.51718 0.32296 0 0 0
85.6 -0.55371 -0.55585 0.30842 0 0 0
85.8 -0.56979 -0.28952 0.4508 0 0 0
86 -0.55644 -0.31953 0.037432 0 0 0
86.2 -0.41312 -0.22607 0.088021 0 0 0
86.4 -0.53155 0.17691 0.059528 0 0 0
86.6 -0.46502 0.30741 0.058578 0 0 0
86.8 -0.36274 0.30022 0.35015 0 0 0
87 -0.56487 0.15271 0.6248 0 0 0
87.2 -0.82719 0.26198 0.27774 0 0 0
87.4 -0.5473 0.38013 0.11563 0 0 0
87.6 -0.42545 0.004638 -0.10193 0 0 0
87.8 -0.55978 -0.18127 0.37659 0 0 0
88 -0.56711 -0.47865 0.64929 0 0 0
88.2 -0.59408 -0.434 0.34919 0 0 0
88.4 -0.76859 -0.45847 0.24129 0 0 0
88.6 -0.75095 -0.64367 0.20867 0 0 0
88.8 -0.6271 -0.7528 0.11601 0 0 0
89 -0.61871 -0.58644 0.51342 0 0 0
89.2 -0.50925 -0.37394 0.63406 0 0 0
89.4 -0.76062 -0.17801 0.59905 0 0 0
89.6 -0.98515 -0.063401 0.45191 0 0 0
89.8 -0.5446 -0.11203 0.26064 0 0 0
90 -0.64643 -0.17766 -0.011183 0 0 0
90.2 -0.92401 0.16225 0.31132 0 0 0
90.4 -0.65465 0.14106 0.38118 0 0 0
90.6 -0.53472 0.04966 0.98746 0 0 0
90.8 -0.5339 0.052416 0.53809 0 0 0
91 -0.9114 0.11034 0.11232 0 0 0
91.2 -0.69487 -0.29166 0.20318 0 0 0
91.4 -0.64659 -0.48321 0.24365 0 0 0
91.6 -0.6372 -0.76019 0.16065 0 0 0
91.8 -0.71624 -0.55399 0.29183 0 0 0
92 -0.71172 -0.53155 0.073047 0 0 0
92.2 -0.50106 -0.34903 0.32044 0 0 0
92.4 -0.60681 0.15719 0.047279 0 0 0
92.6 -0.6234 0.011173 -0.088327 0 0 0
92.8 -0.55493 -0.15705 0.027125 0 0 0
93 -0.59331 0.12286 0.34531 0 0 0
93.2 -0.71481 0.52817 0.020842 0 0 0
93.4 -0.58995 -0.11257 -0.21376 0 0 0
93.6 -0.46732 -0.22931 -0.056431 0 0 0
93.8 -0.56878 0.11089 -0.076034 0 0 0
94 -0.48113 -0.024979 -0.12206 0 0 0
94.2 -0.48767 -0.065554 0.1872 0 0 0
94.4 -0.53246 -0.29059 -0.031523 0 0 0
94.6 -0.49881 -0.66183 -0.40343 0 0 0
94.8 -0.63346 -0.77743 -0.14501 0 0 0
95 -0.54565 -0.65231 -0.050199 0 0 0
95.2 -0.42787 -0.37598 -0.04098 0 0 0
95.4 -0.61822 -0.35606 -0.22462 0 0 0
95.6 -0.63993 -0.2072 -0.40698 0 0 0
95.8 -0.62125 -0.17907 -0.11645 0 0 0
96 -0.64182 -0.00889 -0.071032 0 0 0
96.2 -0.57816 -0.12953 -0.17756 0 0 0
96.4 -0.5084 -0.24333 -0.3668 0 0 0
96.6 -0.5364 -0.1136 -0.47511 0 0 0
96.8 -0.49126 -0.0261 -0.15362 0 0 0
97 -1.0638 0.067387 -0.25531 0 0 0
97.2 -0.82939 -0.065067 -0.30181 0 0 0
97.4 -0.6088 -0.22173 -0.61256 0 0 0
97.6 -0.65021 -0.47517 -0.40672 0 0 0
97.8 -0.73327 -0.60517 0.056434 0 0 0
98 -0.7828 -0.64431 -0.59222 0 0 0
98.2 -0.68628 -0.42882 -0.88403 0 0 0
98.4 -0.61392 -0.57083 -0.72756 0 0 0
98.6 -0.60718 -0.41906 0.21063 0 0 0
98.8 -0.56571 -0.21521 -0.044788 0 0 0
99 -0.65144 -0.11608 -0.22368 0 0 0
99.2 -0.74564 0.020167 0.048535 0 0 0
99.4 -0.79809 -0.077682 -0.094601 0 0 0
99.6 -0.73079 -0.058373 -0.15631 0 0 0
99.8 -0.71105 -0.069931 -0.61833 0 0 0
100 -0.77644 -0.10124 -0.74566 0 0 0
100.2 -0.68786 -0.48844 -0.23867 0 0 0
100.4 -0.72071 -0.58238 -0.23989 0 0 0
100.6 -0.77037 -0.76057 -0.22405 0 0 0
100.8 -0.76023 -0.92869 -0.40554 0 0 0
101 -0.77637 -0.93658 -0.48922 0 0 0
101.2 -0.69175 -0.73166 -0.15204 0 0 0
101.4 -0.60189 -0.56168 0.1149 0 0 0
101.6 -0.55574 -0.58756 -0.42392 0 0 0
101.8 -0.49499 -0.48486 -0.000851 0 0 0
102 -0.63935 -0.35815 0.15333 0 0 0
102.2 -0.71297 -0.34337 -0.2228 0 0 0
102.4 -0.73459 -0.40326 -0.26925 0 0 0
102.6 -0.6381 -0.24302 -0.16464 0 0 0
102.8 -0.70444 -0.095608 -0.00706 0 0 0
103 -0.60286 -0.23655 -0.17797 0 0 0
103.2 -0.55183 -0.2922 -0.66638 0 0 0
103.4 -0.43707 -0.25577 -0.39501 0 0 0
103.6 -0.64723 -0.26287 -0.17853 0 0 0
103.8 -0.62641 -0.42243 -0.24828 0 0 0
104 -0.57058 -0.63389 -0.49174 0 0 0
104.2 -0.66038 -0.93531 -0.59139 0 0 0
104.4 -0.70306 -1.0338 -0.2379 0 0 0
104.6 -0.65131 -1.0684 -0.24824 0 0 0
104.8 -0.96618 -0.97758 -0.28485 0 0 0
105 -0.89726 -0.97711 -0.26512 0 0 0
105.2 -0.6719 -1.0683 -0.11801 0 0 0
105.4 -0.63222 -1.0043 -0.080323 0 0 0
105.6 -0.67606 -0.7577 0.13282 0 0 0
105.8 -0.57321 -0.73643 -0.2459 0 0 0
106 -0.3939 -0.53589 -0.11197 0 0 0
106.2 -0.45465 -0.43134 0.042305 0 0 0
106.4 -0.43376 -0.5586 -0.30606 0 0 0
106.6 -0.42329 -0.46994 -0.011766 0 0 0
106.8 -0.50453 -0.25542 0.15914 0 0 0
107 -0.48682 -0.33837 -0.31641 0 0 0
107.2 -0.5531 -0.41041 -0.43618 0 0 0
107.4 -0.73608 -0.4154 -0.16904 0 0 0
107.6 -0.96561 0.022718 -0.31686 0 0 0
107.8 -0.49658 -0.30477 -0.84932 0 0 0
108 -0.61183 -0.61515 -0.98097 0 0 0
108.2 -0.67888 -0.48708 -0.36582 0 0 0
108.4 -0.62831 -0.70018 -0.05947 0 0 0
108.6 -0.65571 -0.39997 0.33432 0 0 0
108.8 -0.56763 -0.4418 0.092456 0 0 0
109 -0.50682 -0.42236 -0.18987 0 0 0
109.2 -0.47276 -0.31591 -0.26176 0 0 0
109.4 -0.52745 -0.25409 -0.055913 0 0 0
109.6 -0.49071 -0.514 -0.31895 0 0 0
109.8 -0.57781 -0.39407 -0.51968 0 0 0
110 -0.62252 -0.027794 -0.42092 0 0 0
110.2 -0.60166 -0.29461 -0.39067 0 0 0
110.4 -0.43626 -0.37226 -0.50052 0 0 0
110.6 -0.17596 -0.30074 -0.24819 0 0 0
110.8 0.070108 -0.3862 -0.017227 0 0 0
111 0.14018 -0.64706 0.006661 0 0 0
111.2 0.15839 -0.56835 0.54283 0 0 0
111.4 0.25963 -0.63393 0.46017 0 0 0
111.6 0.22995 -0.6778 0.18026 0 0 0
111.8 0.18905 -0.4829 0.22398 0 0 0
112 0.22258 -0.4572 0.11466 0 0 0
112.2 0.22571 -0.30303 0.07996 0 0 0
112.4 0.26933 -0.20813 0.25398 0 0 0
112.6 0.24846 -0.18547 0.35436 0 0 0
112.8 0.14224 -0.22077 0.19668 0 0 0
113 0.15268 -0.25039 -0.091602 0 0 0
113.2 0.17224 -0.15043 -0.10192 0 0 0
113.4 0.33957 -0.24035 -0.34991 0 0 0
113.6 0.40261 -0.30145 -0.070837 0 0 0
113.8 0.27924 -0.087005 0.11981 0 0 0
114 0.28377 -0.12882 0.25322 0 0 0
114.2 -0.044122 -0.16041 -0.43835 0 0 0
114.4 -0.56744 0.13837 -0.44087 0 0 0
114.6 -0.1431 -0.2069 -0.46896 0 0 0
114.8 0.019216 -0.28236 0.17717 0 0 0
115 -0.17602 -0.33174 0.22973 0 0 0
115.2 -0.62612 -0.013071 -0.16542 0 0 0
115.4 -0.48107 0.1754 0.22815 0 0 0
115.6 -0.69048 -0.061459 0.35172 0 0 0
115.8 -0.77163 -0.083684 0.21427 0 0 0
116 -0.76414 -0.054448 0.097428 0 0 0
116.2 -0.74987 0.066694 0.12235 0 0 0
116.4 -0.75109 0.15939 0.11604 0 0 0
116.6 -0.78534 0.1754 -0.036769 0 0 0
116.8 -0.81871 0.33508 0.20878 0 0 0
117 -0.84018 0.31028 0.32605 0 0 0
117.2 -0.81635 0.11336 -0.074576 0 0 0
117.4 -0.48938 -0.074074 0.1482 0 0 0
117.6 -0.14372 -0.042684 0.44915 0 0 0
117.8 -0.56385 -0.17565 0.021818 0 0 0
118 -0.14806 -0.31227 -0.11631 0 0 0
118.2 -0.071517 -0.38248 0.18591 0 0 0
118.4 -0.32135 -0.61903 -0.76252 0 0 0
118.6 0.19684 -0.32741 -0.30232 0 0 0
118.8 0.45666 -0.24066 0.38236 0 0 0
119 0.45337 -0.19095 0.70149 0 0 0
119.2 0.49342 -0.028155 1.0352 0 0 0
119.4 0.32278 0.040196 1.0182 0 0 0
119.6 0.45534 0.070896 1.2472 0 0 0
119.8 0.62681 0.038222 1.2052 0 0 0
120 0.53853 -0.082012 0.69495 0 0 0
120.2 0.40427 -0.023434 1.3406 0 0 0
120.4 0.45126 -0.14177 1.5236 0 0 0
120.6 0.45784 -0.14179 1.5562 0 0 0
120.8 0.42704 -0.25996 1.4365 0 0 0
121 0.23978 -0.26631 1.5625 0 0 0
121.2 0.28674 -0.26815 1.6929 0 0 0
121.4 0.34853 -0.28338 1.4996 0 0 0
121.6 0.30779 -0.10028 1.5585 0 0 0
121.8 0.33136 -0.013829 1.716 0 0 0
122 0.33146 0.12084 2.2716 0 0 0
122.2 0.29179 0.034449 2.7512 0 0 0
122.4 0.19518 0.043843 2.3824 0 0 0
122.6 0.24001 0.3494 2.945 0 0 0
122.8 0.2614 0.4456 2.8156 0 0 0
123 0.28512 0.28585 3.1859 0 0 0
123.2 0.25964 0.47198 3.6914 0 0 0
123.4 0.16469 0.67457 3.9819 0 0 0
123.6 0.20468 0.73151 3.9007 0 0 0
123.8 0.2378 0.68042 3.9099 0 0 0
124 0.1325 0.49688 4.228 0 0 0
124.2 0.10527 0.48305 4.3907 0 0 0
124.4 0.13796 0.32099 4.6002 0 0 0
124.6 0.037783 0.17989 4.6577 0 0 0
124.8 0.10581 0.33003 4.9287 0 0 0
125 0.18127 0.61406 5.098 0 0 0
125.2 0.21126 0.72804 5.2231 0 0 0
125.4 0.23073 0.63915 5.5764 0 0 0
125.6 0.25106 0.7295 5.2844 0 0 0
125.8 0.18536 0.78175 5.2093 0 0 0
126 0.12903 0.75548 5.4479 0 0 0
126.2 0.13372 0.91615 5.7289 0 0 0
126.4 0.10185 0.49237 5.5862 0 0 0
126.6 0.14643 0.5487 5.199 0 0 0
126.8 0.14854 0.60536 5.2024 0 0 0
127 -0.013296 0.59216 5.2588 0 0 0
127.2 -0.068867 0.51343 5.4664 0 0 0
127.4 -0.064209 0.39984 5.5718 0 0 0
127.6 0.014929 0.37175 5.3739 0 0 0
127.8 0.15592 0.60334 4.8966 0 0 0
128 0.17202 0.64265 4.7707 0 0 0
128.2 0.20389 0.67363 4.7849 0 0 0
128.4 0.31287 0.91584 4.7783 0 0 0
128.6 0.31417 1.0677 5.0642 0 0 0
128.8 0.2469 0.88671 4.7944 0 0 0
129 0.27353 0.76941 4.3843 0 0 0
129.2 0.20719 0.70112 4.3691 0 0 0
129.4 0.25674 0.72173 4.4529 0 0 0
129.6 0.3173 0.74141 4.4284 0 0 0
129.8 0.28026 0.63448 4.4521 0 0 0
130 0.09341 0.44715 4.3898 0 0 0
130.2 -0.21385 0.27968 4.2547 0 0 0
130.4 -0.41905 0.229 4.118 0 0 0
130.6 0.034253 -0.039737 4.504 0 0 0
130.8 0.21552 0.16833 4.6218 0 0 0
131 0.17392 0.28851 4.499 0 0 0
131.2 0.38304 0.65282 4.373 0 0 0
131.4 0.33658 0.64035 4.076 0 0 0
131.6 0.35792 0.82309 4.3651 0 0 0
131.8 0.3352 0.78957 3.9157 0 0 0
132 0.37007 0.61519 3.6518 0 0 0
132.2 0.33185 0.80823 3.7243 0 0 0
132.4 0.33277 0.75481 3.7776 0 0 0
132.6 0.3568 0.78831 4.1095 0 0 0
132.8 0.31627 0.72815 3.9446 0 0 0
133 0.18544 0.4418 3.7093 0 0 0
133.2 0.21674 0.33108 3.6633 0 0 0
133.4 0.27495 0.40262 3.6132 0 0 0
133.6 0.31622 0.56275 3.5015 0 0 0
133.8 0.2095 0.61646 3.478 0 0 0
134 0.20326 0.61201 3.1314 0 0 0
134.2 0.36248 0.50127 3.1911 0 0 0
134.4 0.33144 0.47531 3.2711 0 0 0
134.6 0.34546 0.56511 3.2656 0 0 0
134.8 0.35871 0.55062 2.9869 0 0 0
135 0.33816 0.4925 2.974 0 0 0
135.2 0.35311 0.72635 3.2407 0 0 0
135.4 0.48317 0.65218 3.1319 0 0 0
135.6 0.45111 0.53028 3.2421 0 0 0
135.8 0.37382 0.24343 3.0518 0 0 0
136 0.25044 -0.061126 3.0748 0 0 0
136.2 0.34777 0.1766 2.9413 0 0 0
136.4 0.44141 0.29322 2.6757 0 0 0
136.6 0.50775 0.27043 2.7555 0 0 0
136.8 0.44278 0.37312 2.7342 0 0 0
137 0.50394 0.46982 2.9437 0 0 0
137.2 0.55378 0.57034 3.0378 0 0 0
137.4 0.57463 0.52958 2.9337 0 0 0
137.6 0.54047 0.53412 2.9474 0 0 0
137.8 0.57369 0.56822 2.9664 0 0 0
138 0.54144 0.52121 2.87 0 0 0
138.2 0.36148 0.35658 2.7183 0 0 0
138.4 0.43827 0.30391 2.6765 0 0 0
138.6 0.55563 0.31298 2.6027 0 0 0
138.8 0.49889 0.40221 2.381 0 0 0
139 0.62961 0.55437 2.4281 0 0 0
139.2 0.56989 0.63884 2.3228 0 0 0
139.4 0.54572 0.76497 2.6317 0 0 0
139.6 0.53943 0.70874 2.6452 0 0 0
139.8 0.48819 0.57328 2.52 0 0 0
140 0.32587 0.26052 2.0256 0 0 0
140.2 0.35637 0.55666 2.3448 0 0 0
140.4 0.54039 0.61475 2.4439 0 0 0
140.6 0.46316 0.39235 1.6822 0 0 0
140.8 0.51589 0.48728 1.7917 0 0 0
141 0.46121 0.44757 1.9281 0 0 0
141.2 0.3344 0.53395 1.9203 0 0 0
141.4 0.48984 0.64902 2.0952 0 0 0
141.6 0.50651 0.58105 2.3879 0 0 0
141.8 0.53216 0.46833 2.1175 0 0 0
142 0.49596 0.5959 2.2517 0 0 0
142.2 0.48085 0.42821 2.6062 0 0 0
142.4 0.46028 0.28543 1.5656 0 0 0
142.6 0.47276 0.46104 1.6153 0 0 0
142.8 0.47176 0.62363 2.1372 0 0 0
143 0.39783 0.45309 1.9304 0 0 0
143.2 0.32396 0.17236 2.0616 0 0 0
143.4 0.5141 0.26699 2.1501 0 0 0
143.6 0.50665 0.56342 2.585 0 0 0
143.8 0.5307 0.67946 2.243 0 0 0
144 0.5152 0.44426 2.0504 0 0 0
144.2 0.56464 0.42695 1.6201 0 0 0
144.4 0.58422 0.41266 1.7736 0 0 0
144.6 0.60109 0.54454 2.2815 0 0 0
144.8 0.52692 0.49626 1.6457 0 0 0
145 0.60296 0.60362 1.6277 0 0 0
145.2 0.62751 0.61588 1.6909 0 0 0
145.4 0.59463 0.49552 1.4721 0 0 0
145.6 0.58745 0.39012 1.3664 0 0 0
145.8 0.56317 0.43304 1.1205 0 0 0
146 0.55791 0.56766 1.6398 0 0 0
146.2 0.45891 0.26741 1.7077 0 0 0
146.4 0.29516 0.034079 1.6251 0 0 0
146.6 0.30895 -0.10715 1.4191 0 0 0
146.8 0.36995 -0.054938 1.3444 0 0 0
147 0.57474 0.19051 1.7411 0 0 0
147.2 0.57296 0.23412 1.6385 0 0 0
147.4 0.52853 0.31252 1.7248 0 0 0
147.6 0.57197 0.41749 1.7203 0 0 0
147.8 0.56491 0.55732 1.7766 0 0 0
148 0.59626 0.38061 1.7339 0 0 0
148.2 0.59876 0.49669 1.7473 0 0 0
148.4 0.61822 0.41906 1.6983 0 0 0
148.6 0.64437 0.16156 1.5829 0 0 0
148.8 0.52042 -0.039934 1.4673 0 0 0
149 0.2535 -0.12291 1.3321 0 0 0
149.2 0.14681 -0.22287 1.4523 0 0 0
149.4 0.40699 -0.09068 1.4562 0 0 0
149.6 0.50531 0.002991 1.2273 0 0 0
149.8 0.59828 0.27747 1.4062 0 0 0
150 0.72634 0.27827 1.746 0 0 0
150.2 0.72933 0.24658 1.4379 0 0 0
150.4 0.7295 0.46941 1.7571 0 0 0
150.6 0.56944 0.64475 1.7447 0 0 0
150.8 0.41677 0.39636 1.1926 0 0 0
151 0.57317 0.22612 1.363 0 0 0
151.2 0.54523 0.10426 1.5219 0 0 0
151.4 0.38027 0.038505 1.6052 0 0 0
151.6 0.012567 -0.13575 1.4922 0 0 0
151.8 0.15102 -0.27442 1.6412 0 0 0
152 0.25448 -0.29359 1.6384 0 0 0
152.2 0.60665 0.060589 1.4937 0 0 0
152.4 0.70627 0.035564 1.6799 0 0 0
152.6 0.65056 0.18504 1.7372 0 0 0
152.8 0.61074 0.40493 1.5866 0 0 0
153 0.66627 0.34759 1.7178 0 0 0
153.2 0.66171 0.12044 1.8195 0 0 0
153.4 0.53022 0.14936 1.5864 0 0 0
153.6 0.61883 0.30937 1.6759 0 0 0
153.8 0.63907 0.36884 1.7596 0 0 0
154 0.74941 0.19567 1.9838 0 0 0
154.2 0.79989 0.20777 1.6971 0 0 0
154.4 0.74698 0.15582 1.4341 0 0 0
154.6 0.69709 -0.088214 1.5491 0 0 0
154.8 0.5562 -0.23353 1.3034 0 0 0
155 0.65779 0.036032 2.0525 0 0 0
155.2 0.77943 0.26782 1.7182 0 0 0
155.4 0.63872 0.29477 1.2584 0 0 0
155.6 0.63401 0.51379 1.9715 0 0 0
155.8 0.71701 0.29021 1.8399 0 0 0
156 0.67648 0.16444 1.4168 0 0 0
156.2 0.55579 0.052124 1.5386 0 0 0
156.4 0.61424 -0.18564 1.2239 0 0 0
156.6 0.51625 -0.25149 1.2466 0 0 0
156.8 0.38932 -0.16634 1.7443 0 0 0
157 -0.077634 -0.18025 1.8308 0 0 0
157.2 0.13426 -0.10696 1.4951 0 0 0
157.4 0.39098 -0.046844 1.3683 0 0 0
157.6 0.56349 -0.025021 1.8626 0 0 0
157.8 0.62639 0.09224 1.8004 0 0 0
158 0.54141 0.19108 1.6573 0 0 0
158.2 0.6073 0.16791 1.7569 0 0 0
158.4 0.56102 0.12842 1.6664 0 0 0
158.6 0.58722 0.22947 1.4077 0 0 0
158.8 0.54422 0.34866 1.4677 0 0 0
159 0.51826 0.37274 1.6788 0 0 0
159.2 0.61607 0.37525 1.7051 0 0 0
159.4 0.81776 0.40935 1.6391 0 0 0
159.6 0.64085 0.3853 1.4954 0 0 0
159.8 0.51206 0.24414 1.5111 0 0 0
160 0.57385 -0.065887 1.3846 0 0 0
160.2 0.65868 0.12666 1.088 0 0 0
160.4 0.66866 0.22923 1.3567 0 0 0
160.6 0.70836 0.20644 1.4021 0 0 0
160.8 0.12627 0.63126 0.82138 0 0 0
161 -0.033146 0.55649 1.2612 0 0 0
161.2 0.77504 0.35421 1.8236 0 0 0
161.4 0.63898 0.24209 1.4018 0 0 0
161.6 0.64517 0.28983 1.6555 0 0 0
161.8 0.73734 0.44775 1.7503 0 0 0
162 0.80807 0.67083 1.6438 0 0 0
162.2 0.76833 0.53433 1.4796 0 0 0
162.4 0.78903 0.21793 1.4424 0 0 0
162.6 0.75586 0.076837 1.4467 0 0 0
162.8 0.57533 -0.015307 1.5151 0 0 0
163 0.44636 -0.16639 1.4921 0 0 0
163.2 0.58343 -0.0027 1.4398 0 0 0
163.4 0.7759 0.28454 1.8703 0 0 0
163.6 0.85112 0.33231 2.0292 0 0 0
163.8 1.001 0.46277 2.159 0 0 0
164 0.90203 0.38077 1.848 0 0 0
164.2 0.8875 0.44498 1.7561 0 0 0
164.4 0.88269 0.50695 1.5903 0 0 0
164.6 1.0012 0.62 2.2043 0 0 0
164.8 0.83185 0.51586 2.0606 0 0 0
165 0.87014 0.42808 1.9249 0 0 0
165.2 0.79938 0.4116 1.7343 0 0 0
165.4 0.80238 0.24083 1.8101 0 0 0
165.6 0.69814 0.096948 1.7727 0 0 0
165.8 0.66437 -0.04323 1.6508 0 0 0
166 0.88904 -0.025619 1.8168 0 0 0
166.2 0.75209 0.073885 1.5794 0 0 0
166.4 0.7749 0.07549 1.4101 0 0 0
166.6 0.83974 0.26216 1.7543 0 0 0
166.8 0.74391 0.54091 1.8328 0 0 0
167 0.77719 0.53371 1.8526 0 0 0
167.2 0.88693 0.1754 1.8625 0 0 0
167.4 0.84734 0.31475 1.8083 0 0 0
167.6 0.82976 0.47797 2.0192 0 0 0
167.8 0.84007 0.4694 1.9398 0 0 0
168 0.72967 0.34315 1.9667 0 0 0
168.2 0.84094 0.4092 2.3789 0 0 0
168.4 0.75437 0.29536 1.9771 0 0 0
168.6 0.57497 -0.015996 1.6833 0 0 0
168.8 0.30846 -0.24884 1.476 0 0 0
169 0.50187 -0.041121 1.4629 0 0 0
169.2 0.37782 0.223 1.2435 0 0 0
169.4 0.091452 0.67081 1.3758 0 0 0
169.6 0.60359 0.30501 1.7846 0 0 0
169.8 0.60092 0.40775 1.9634 0 0 0
170 0.59046 0.29009 1.3718 0 0 0
170.2 0.50028 0.40133 1.4128 0 0 0
170.4 0.58603 0.49186 1.6529 0 0 0
170.6 0.60415 0.33914 1.4719 0 0 0
170.8 0.77158 0.30234 1.6773 0 0 0
171 0.60286 0.23431 1.52 0 0 0
171.2 0.50691 -0.030331 1.2709 0 0 0
171.4 0.41947 -0.018468 1.5177 0 0 0
171.6 0.23444 -0.17413 1.6596 0 0 0
171.8 0.29702 -0.38593 1.5841 0 0 0
172 0.59814 -0.12124 1.591 0 0 0
172.2 0.39768 0.045649 1.5501 0 0 0
172.4 -0.060361 0.31248 1.9812 0 0 0
172.6 0.80057 0.25759 1.9496 0 0 0
172.8 0.61089 0.26678 2.0688 0 0 0
173 0.59935 0.14863 1.7387 0 0 0
173.2 0.49308 0.43082 1.4691 0 0 0
173.4 0.64858 0.52092 1.9299 0 0 0
173.6 0.68022 0.25652 1.7141 0 0 0
173.8 0.50066 0.45441 1.6654 0 0 0
174 0.44789 0.57848 1.4768 0 0 0
174.2 0.64792 0.36372 1.4943 0 0 0
174.4 0.64023 0.2179 1.6341 0 0 0
174.6 0.57394 0.10172 1.8899 0 0 0
174.8 0.61503 -0.061923 1.4184 0 0 0
175 0.66573 0.28535 1.5051 0 0 0
175.2 0.72806 0.3759 1.6813 0 0 0
175.4 0.64902 0.062372 1.2416 0 0 0
175.6 0.6046 0.33448 1.358 0 0 0
175.8 0.69221 0.35695 1.472 0 0 0
176 0.81297 0.43495 1.9192 0 0 0
176.2 0.93555 0.24772 1.9753 0 0 0
176.4 0.8515 0.28007 1.7055 0 0 0
176.6 0.80171 0.51253 1.4714 0 0 0
176.8 0.77208 0.45965 1.7046 0 0 0
177 0.81876 0.53673 2.1153 0 0 0
177.2 0.77345 0.27478 1.4097 0 0 0
177.4 0.72701 0.32743 1.5702 0 0 0
177.6 0.55964 0.083069 1.8991 0 0 0
177.8 0.31508 -0.12016 1.659 0 0 0
178 0.56847 0.001107 1.5437 0 0 0
178.2 0.66186 0.21718 1.6273 0 0 0
178.4 0.66663 0.38649 1.8414 0 0 0
178.6 0.76 0.44293 1.8215 0 0 0
178.8 0.75252 0.23197 1.5562 0 0 0
179 0.70738 0.084472 1.0106 0 0 0
179.2 0.8303 0.24026 1.299 0 0 0
179.4 0.79102 0.27324 1.315 0 0 0
179.6 0.708 0.38322 1.5372 0 0 0
179.8 0.63716 0.22672 1.2336 0 0 0
180 0.64038 0.34097 1.1166 0 0 0
180.2 0.86718 0.36568 1.7967 0 0 0
180.4 0.91431 0.24508 1.7982 0 0 0
180.6 0.91464 0.26883 1.5221 0 0 0
180.8 0.84561 0.428 1.833 0 0 0
181 0.80428 0.53526 1.7259 0 0 0
181.2 0.90207 0.43222 2.0016 0 0 0
181.4 0.90455 0.26604 1.3502 0 0 0
181.6 0.80134 0.43135 1.8321 0 0 0
181.8 0.98931 0.50761 2.0818 0 0 0
182 0.87884 0.067752 1.3326 0 0 0
182.2 0.82974 -0.014782 1.5176 0 0 0
182.4 0.87446 0.12226 1.557 0 0 0
182.6 0.95683 0.39723 1.9623 0 0 0
182.8 0.74325 0.46205 1.7757 0 0 0
183 0.86021 0.44172 1.8264 0 0 0
183.2 1.0008 0.25422 1.5184 0 0 0
183.4 0.97097 0.35822 1.4933 0 0 0
183.6 0.76133 0.29392 1.8408 0 0 0
183.8 0.72006 0.1534 1.9989 0 0 0
184 0.57249 0.003749 2.074 0 0 0
184.2 0.21214 -0.032712 1.8603 0 0 0
184.4 -0.043732 -0.070265 1.6029 0 0 0
184.6 0.074289 -0.54586 1.1342 0 0 0
184.8 0.3383 -0.49061 1.5571 0 0 0
185 0.50767 -0.20068 1.8157 0 0 0
185.2 0.64912 -0.015683 1.7105 0 0 0
185.4 0.79632 0.051763 1.6851 0 0 0
185.6 0.7473 0.0428 1.6812 0 0 0
185.8 0.63352 0.31466 1.7032 0 0 0
186 0.72358 0.34264 1.6784 0 0 0
186.2 0.75599 0.20693 1.3711 0 0 0
186.4 0.59224 0.29501 1.5577 0 0 0
186.6 0.57268 0.29638 1.7521 0 0 0
186.8 0.72837 0.24247 1.533 0 0 0
187 0.73154 0.37135 1.5632 0 0 0
187.2 0.66856 0.37544 1.7968 0 0 0
187.4 0.65037 0.37412 1.8738 0 0 0
187.6 0.54233 0.46298 1.8481 0 0 0
187.8 0.61309 0.44513 1.8688 0 0 0
188 0.62787 0.25324 1.4483 0 0 0
188.2 0.61888 0.20801 1.2862 0 0 0
188.4 0.58506 0.032788 1.5305 0 0 0
188.6 0.41634 -0.28386 1.1019 0 0 0
188.8 0.33751 -0.28332 1.3682 0 0 0
189 0.41384 -0.0649 1.4786 0 0 0
189.2 0.57637 0.13505 1.5407 0 0 0
189.4 0.72322 0.13329 1.6856 0 0 0
189.6 0.55405 0.03148 1.5998 0 0 0
189.8 0.49201 -0.018157 1.3115 0 0 0
190 0.6362 0.31851 1.5229 0 0 0
190.2 0.73733 0.35248 1.755 0 0 0
190.4 0.73278 0.28985 1.7646 0 0 0
190.6 0.64996 0.36147 1.6113 0 0 0
190.8 0.75294 0.291 1.4162 0 0 0
191 0.74603 0.56206 2.0452 0 0 0
191.2 0.75792 0.49989 1.9215 0 0 0
191.4 0.74216 0.39569 1.6827 0 0 0
191.6 0.66875 0.29239 1.4882 0 0 0
191.8 0.77478 0.34236 1.7508 0 0 0
192 0.52929 0.46016 1.9764 0 0 0
192.2 0.42361 0.10717 1.5716 0 0 0
192.4 0.56509 0.10046 1.7313 0 0 0
192.6 0.59245 0.18961 1.8017 0 0 0
192.8 0.65264 0.34256 1.9043 0 0 0
193 0.77949 -0.12489 1.8016 0 0 0
193.2 0.69871 0.21466 1.6814 0 0 0
193.4 0.70684 0.32807 1.5653 0 0 0
193.6 0.71811 0.32287 1.6853 0 0 0
193.8 0.76258 0.50413 1.7582 0 0 0
194 0.68837 0.38631 1.3666 0 0 0
194.2 0.6801 0.34614 1.5962 0 0 0
194.4 0.84206 0.41979 1.9674 0 0 0
194.6 0.78335 0.54332 1.9107 0 0 0
194.8 0.80525 0.46932 2.1042 0 0 0
195 0.85748 0.53313 2.1082 0 0 0
195.2 0.70707 0.078152 1.4357 0 0 0
195.4 0.5856 -0.21565 1.6917 0 0 0
195.6 0.60096 -0.21883 1.3282 0 0 0
195.8 0.74646 -0.058351 1.1766 0 0 0
196 0.67798 0.2444 1.3715 0 0 0
196.2 0.68905 0.38262 1.5928 0 0 0
196.4 0.72769 0.36369 1.8015 0 0 0
196.6 0.76892 0.44405 1.7193 0 0 0
196.8 0.71401 0.43903 1.5642 0 0 0
197 0.68264 0.29798 1.4122 0 0 0
197.2 0.56196 0.44755 1.5572 0 0 0
197.4 0.67128 0.54893 1.7118 0 0 0
197.6 0.36345 0.48659 1.2816 0 0 0
197.8 0.46323 0.50116 1.4245 0 0 0
198 0.70761 0.37065 1.5351 0 0 0
198.2 0.67837 0.31396 1.2325 0 0 0
198.4 0.52201 0.34262 1.0012 0 0 0
198.6 0.57248 0.05597 1.1561 0 0 0
198.8 0.4846 0.019158 1.337 0 0 0
199 0.48979 0.1883 1.184 0 0 0
199.2 0.4966 0.28707 1.2194 0 0 0
199.4 0.3805 0.52097 1.5309 0 0 0
199.6 0.16233 0.59851 1.5441 0 0 0
199.8 0.36827 0.53753 1.6302 0 0 0
200 0.43499 0.53917 1.9017 0 0 0
200.2 0.41905 0.70405 1.8635 0 0 0
200.4 0.41363 0.7138 1.7716 0 0 0
200.6 0.33691 0.48424 1.2803 0 0 0
200.8 0.26501 0.6634 1.2157 0 0 0
201 0.28118 0.7979 1.4079 0 0 0
201.2 0.20948 0.61446 1.2677 0 0 0
201.4 0.26497 0.62682 1.7436 0 0 0
201.6 0.38441 0.63604 1.9085 0 0 0
201.8 0.41659 0.46669 1.8852 0 0 0
202 0.076499 0.30903 1.5144 0 0 0
202.2 0.011912 0.31255 1.1419 0 0 0
202.4 0.12176 0.59276 1.7917 0 0 0
202.6 0.081846 0.62808 1.5795 0 0 0
202.8 0.068496 0.55138 1.2946 0 0 0
203 0.035901 0.63801 1.64 0 0 0
203.2 0.17502 0.7059 1.468 0 0 0
203.4 0.1124 0.6084 0.92765 0 0 0
203.6 0.082436 0.65999 1.2206 0 0 0
203.8 0.14853 0.63339 1.297 0 0 0
204 0.00056 0.55717 1.418 0 0 0
204.2 -0.01709 0.65256 1.7774 0 0 0
204.4 -0.060626 0.51241 1.1604 0 0 0
204.6 -0.022324 0.22382 0.62138 0 0 0
204.8 -0.030051 0.47399 1.4915 0 0 0
205 -0.015867 0.34809 1.4186 0 0 0
205.2 -0.030796 0.25068 1.0804 0 0 0
205.4 0.098749 0.39401 1.3737 0 0 0
205.6 0.087162 0.49597 1.1728 0 0 0
205.8 0.004574 0.52729 1.5098 0 0 0
206 0.10213 0.57795 1.4853 0 0 0
206.2 0.18649 0.58147 1.3081 0 0 0
206.4 0.16462 0.55396 1.5903 0 0 0
206.6 0.096038 0.58488 1.86 0 0 0
206.8 0.001809 0.71569 1.7958 0 0 0
207 0.000698 0.58475 1.6933 0 0 0
207.2 -0.064603 0.50777 1.2587 0 0 0
207.4 0.038837 0.55695 1.5718 0 0 0
207.6 0.040297 0.48956 1.7626 0 0 0
207.8 0.045574 0.37522 1.6279 0 0 0
208 0.07433 0.23817 1.4495 0 0 0
208.2 0.006583 -0.15596 1.422 0 0 0
208.4 -0.01402 -0.14901 1.5256 0 0 0
208.6 0.097148 0.071748 1.4942 0 0 0
208.8 0.22764 0.11668 1.423 0 0 0
209 0.33143 0.19741 1.5305 0 0 0
209.2 0.037579 0.25833 1.2183 0 0 0
209.4 0.038797 0.36028 0.90196 0 0 0
209.6 0.1219 0.47796 1.2087 0 0 0
209.8 0.078911 0.41853 1.0591 0 0 0
210 0.18216 0.44141 1.124 0 0 0
210.2 0.081976 0.65981 1.387 0 0 0
210.4 0.16162 0.64472 1.4454 0 0 0
210.6 0.14476 0.49003 1.2243 0 0 0
210.8 0.05597 0.60354 1.3656 0 0 0
211 0.23763 0.64512 1.4819 0 0 0
211.2 0.16583 0.70541 1.4591 0 0 0
211.4 0.055248 0.5312 1.4644 0 0 0
211.6 0.054833 0.56662 1.6007 0 0 0
211.8 0.075595 0.59339 1.5879 0 0 0
212 0.14987 0.62747 1.4734 0 0 0
212.2 0.1592 0.58489 1.0255 0 0 0
212.4 0.1045 0.59548 0.75962 0 0 0
212.6 0.090596 0.65387 1.5238 0 0 0
212.8 0.20085 0.54648 1.4144 0 0 0
213 0.23511 0.51223 1.1086 0 0 0
213.2 0.11466 0.47006 1.3083 0 0 0
213.4 0.11495 0.36093 1.5827 0 0 0
213.6 0.12036 0.34964 1.8313 0 0 0
213.8 -0.00497 0.24863 1.3373 0 0 0
214 0.029084 0.39331 1.4747 0 0 0
214.2 0.11573 0.5585 1.6384 0 0 0
214.4 0.043722 0.51432 1.2152 0 0 0
214.6 -0.043804 0.5036 1.0795 0 0 0
214.8 -0.008191 0.49912 1.2421 0 0 0
215 0.14496 0.46316 1.2086 0 0 0
215.2 0.19993 0.43822 1.1936 0 0 0
215.4 -0.022128 0.4453 1.4171 0 0 0
215.6 -0.10124 0.17693 1.2945 0 0 0
215.8 -0.10702 -0.082142 1.1051 0 0 0
216 -0.12614 0.071019 1.289 0 0 0
216.2 -0.14304 0.25182 1.5037 0 0 0
216.4 0.034056 0.27167 1.5216 0 0 0
216.6 0.15113 0.32638 1.5747 0 0 0
216.8 0.11519 0.34823 1.3276 0 0 0
217 0.065744 0.42881 1.4438 0 0 0
217.2 0.049129 0.51093 1.2661 0 0 0
217.4 0.13347 0.75536 1.3662 0 0 0
217.6 0.097591 0.68187 1.2249 0 0 0
217.8 0.13112 0.60466 1.0847 0 0 0
218 0.14196 0.52175 1.1151 0 0 0
218.2 0.13218 0.52156 1.2085 0 0 0
218.4 0.087313 0.51343 1.5588 0 0 0
218.6 -0.001673 0.28863 1.4095 0 0 0
218.8 0.13111 0.078918 1.424 0 0 0
219 0.073585 0.1321 1.6477 0 0 0
219.2 0.078015 0.20258 1.6757 0 0 0
219.4 0.20388 0.38305 1.6011 0 0 0
219.6 0.39293 0.40682 1.2505 0 0 0
219.8 0.3458 0.60236 1.3006 0 0 0
220 0.31608 0.68224 1.2558 0 0 0
220.2 0.17158 0.54087 1.0361 0 0 0
220.4 0.20696 0.57552 1.3147 0 0 0
220.6 0.22719 0.60043 1.42 0 0 0
220.8 0.21357 0.63589 1.3695 0 0 0
221 0.14023 0.47091 1.0746 0 0 0
221.2 0.1744 0.39372 1.1827 0 0 0
221.4 0.27821 0.31458 1.3155 0 0 0
221.6 0.26761 0.26925 1.5171 0 0 0
221.8 0.30298 0.39894 1.499 0 0 0
222 0.22904 0.43851 1.33 0 0 0
222.2 0.1355 0.41778 1.2534 0 0 0
222.4 0.433 0.50451 1.3838 0 0 0
222.6 0.33236 0.58021 1.2266 0 0 0
222.8 0.20534 0.40841 1.0705 0 0 0
223 0.27918 0.41113 1.2211 0 0 0
223.2 0.20409 0.54562 1.3213 0 0 0
223.4 0.17279 0.55322 1.2127 0 0 0
223.6 0.27825 0.43616 1.0732 0 0 0
223.8 0.21772 0.28826 1.0471 0 0 0
224 0.06233 0.2901 1.1737 0 0 0
224.2 0.18191 0.26243 1.2563 0 0 0
224.4 0.14917 0.40417 1.3555 0 0 0
224.6 0.1289 0.43561 1.4273 0 0 0
224.8 0.079357 0.50011 1.4148 0 0 0
225 0.21355 0.53504 1.4924 0 0 0
225.2 0.33 0.49145 1.3062 0 0 0
225.4 0.27054 0.53138 1.3652 0 0 0
225.6 0.27183 0.54482 1.4583 0 0 0
225.8 0.29954 0.53465 1.6242 0 0 0
226 0.12001 0.36987 1.6939 0 0 0
226.2 0.14556 0.19489 1.7106 0 0 0
226.4 0.069159 0.099851 1.634 0 0 0
226.6 0.074133 0.24309 1.5118 0 0 0
226.8 0.12191 0.31187 1.4783 0 0 0
227 0.22644 0.34501 1.4213 0 0 0
227.2 0.26309 0.31733 1.3512 0 0 0
227.4 0.15726 0.24371 1.4318 0 0 0
227.6 0.071334 0.37639 1.4952 0 0 0
227.8 0.16699 0.33974 1.4455 0 0 0
228 0.12309 0.28313 1.0616 0 0 0
228.2 0.10036 0.50898 1.5893 0 0 0
228.4 0.18925 0.34722 1.4154 0 0 0
228.6 0.009407 0.10988 1.3551 0 0 0
228.8 -0.16093 0.12361 1.6145 0 0 0
229 -0.020525 0.072369 1.5567 0 0 0
229.2 0.13692 0.26983 1.7047 0 0 0
229.4 0.24479 0.36233 1.6363 0 0 0
229.6 0.13566 0.60144 2.1709 0 0 0
229.8 0.19316 0.75812 2.3013 0 0 0
230 0.11935 0.8224 2.1973 0 0 0
230.2 0.19033 0.94926 2.7613 0 0 0
230.4 0.27972 1.0893 3.2366 0 0 0
230.6 0.23863 0.98586 3.1906 0 0 0
230.8 0.15763 1.0719 3.2746 0 0 0
231 0.17461 1.2044 3.3507 0 0 0
231.2 0.13973 1.1143 3.4445 0 0 0
231.4 0.080915 0.94405 3.8581 0 0 0
231.6 0.01173 1.0046 3.991 0 0 0
231.8 0.004406 1.0948 4.1407 0 0 0
232 0.02929 1.138 4.2356 0 0 0
232.2 -0.13168 1.0563 4.2551 0 0 0
232.4 -0.1415 0.91092 4.3413 0 0 0
232.6 -0.11261 0.9985 4.7502 0 0 0
232.8 -0.21841 0.97408 5.3325 0 0 0
233 -0.21847 1.0268 5.6143 0 0 0
233.2 -0.20078 0.97185 5.7864 0 0 0
233.4 -0.20944 0.75519 6.0855 0 0 0
233.6 -0.25749 0.55446 5.7902 0 0 0
233.8 -0.32058 0.54249 6.0341 0 0 0
234 -0.28703 0.49237 6.1305 0 0 0
234.2 -0.38105 0.41561 6.0591 0 0 0
234.4 -0.52885 0.4255 6.198 0 0 0
234.6 -0.60412 0.30692 6.3312 0 0 0
234.8 -0.68524 0.45215 7.2853 0 0 0
235 -0.76108 0.076075 7.089 0 0 0
235.2 -0.96107 -0.24701 6.7927 0 0 0
235.4 -0.96015 -0.2654 7.4407 0 0 0
235.6 -0.96359 -0.55128 7.3799 0 0 0
235.8 -1.0339 -0.67797 7.1288 0 0 0
236 -1.1056 -0.65845 7.5339 0 0 0
236.2 -1.0123 -0.67124 7.8799 0 0 0
236.4 -0.98785 -0.5949 8.1141 0 0 0
236.6 -0.92956 -0.30402 8.2933 0 0 0
236.8 -0.8329 1.0869 9.2729 0 0 0
237 -0.89132 1.1762 9.6381 0 0 0
237.2 -0.89901 1.3496 9.7812 0 0 0
237.4 -0.90523 2.2343 9.7553 0 0 0
237.6 -1.0779 3.8222 10.558 0 0 0
237.8 -1.0896 5.5263 11.624 0 0 0
238 -1.1208 6.9886 12.624 0 0 0
238.2 -1.1142 8.0332 13.255 0 0 0
238.4 -1.0604 8.728 13.568 0 0 0
238.6 -1.0025 9.4017 14.023 0 0 0
238.8 -0.91159 9.7615 14.301 0 0 0
239 -0.93393 9.8314 14.32 0 0 0
239.2 -1.0724 9.788 14.259 0 0 0
239.4 -1.0609 9.8454 14.214 0 0 0
239.6 -1.0001 10.06 14.424 0 0 0
239.8 -1.1093 10.287 14.517 0 0 0
240 -1.1515 10.425 14.622 0 0 0
240.2 -1.0697 10.282 14.51 0 0 0
240.4 -1.0609 10.133 14.501 0 0 0
240.6 -0.89566 10.036 14.324 0 0 0
240.8 -0.86284 9.8353 14.212 0 0 0
241 -0.96388 9.4626 13.942 0 0 0
241.2 -0.95336 9.1935 13.686 0 0 0
241.4 -0.99387 9.0047 13.529 0 0 0
241.6 -0.96528 8.9983 13.317 0 0 0
241.8 -0.90679 8.9326 13.249 0 0 0
242 -0.8596 8.8834 12.969 0 0 0
242.2 -0.83474 8.8405 12.733 0 0 0
242.4 -0.85897 8.7337 12.421 0 0 0
242.6 -0.79824 8.6372 12.192 0 0 0
242.8 -0.76543 8.4891 12.015 0 0 0
243 -0.70605 8.3449 11.862 0 0 0
243.2 -0.74353 8.3646 11.786 0 0 0
243.4 -0.79918 8.3462 11.681 0 0 0
243.6 -0.83568 8.422 11.523 0 0 0
243.8 -0.78724 8.2899 11.496 0 0 0
244 -0.64655 7.9956 11.463 0 0 0
244.2 -0.59222 7.542 11.344 0 0 0
244.4 -0.61198 7.1977 11.277 0 0 0
244.6 -0.70419 6.9068 10.902 0 0 0
244.8 -0.68245 6.8321 10.72 0 0 0
245 -0.59991 6.8315 10.692 0 0 0
245.2 -0.4078 6.891 10.66 0 0 0
245.4 -0.36416 6.9502 10.463 0 0 0
245.6 -0.32682 6.9736 10.302 0 0 0
245.8 -0.37317 7.0403 10.149 0 0 0
246 -0.49209 7.1382 10.039 0 0 0
246.2 -0.42723 7.1383 9.852 0 0 0
246.4 -0.28309 6.9399 9.6751 0 0 0
246.6 -0.1734 6.8014 9.4958 0 0 0
246.8 -0.20818 6.6141 9.4278 0 0 0
247 -0.34104 6.2468 9.0401 0 0 0
247.2 -0.30646 5.9416 8.6826 0 0 0
247.4 -0.30591 5.9488 8.5644 0 0 0
247.6 -0.32852 6.071 8.505 0 0 0
247.8 -0.17937 6.0562 8.5737 0 0 0
248 -0.14322 6.1791 8.4123 0 0 0
248.2 -0.15426 6.3937 8.3647 0 0 0
248.4 -0.36739 6.6043 8.3216 0 0 0
248.6 -0.34695 6.7592 8.1881 0 0 0
248.8 -0.28214 6.8413 8.1762 0 0 0
249 -0.30672 6.869 8.1826 0 0 0
249.2 -0.29087 6.9136 8.0816 0 0 0
249.4 -0.15997 6.751 8.1489 0 0 0
249.6 -0.082237 6.5982 8.1722 0 0 0
249.8 -0.13093 6.6038 8.2135 0 0 0
250 -0.13723 6.6262 8.3129 0 0 0
250.2 -0.13051 6.7942 8.3701 0 0 0
250.4 -0.26364 6.9606 8.2015 0 0 0
250.6 -0.28657 7.1431 8.1501 0 0 0
250.8 -0.32425 7.3518 8.1158 0 0 0
251 -0.35453 7.4439 8.1136 0 0 0
251.2 -0.35082 7.3946 8.2164 0 0 0
251.4 -0.32555 7.4047 8.1161 0 0 0
251.6 -0.37193 7.4615 8.094 0 0 0
251.8 -0.35569 7.4076 8.2458 0 0 0
252 -0.33559 7.375 8.2721 0 0 0
252.2 -0.20291 6.9863 8.1653 0 0 0
252.4 -0.16916 6.7505 8.245 0 0 0
252.6 -0.26615 6.7375 8.1217 0 0 0
252.8 -0.34574 6.8906 8.0689 0 0 0
253 -0.43146 6.9408 8.0898 0 0 0
253.2 -0.3704 6.8298 8.0987 0 0 0
253.4 -0.37064 6.7418 7.9916 0 0 0
253.6 -0.4545 6.6452 7.8685 0 0 0
253.8 -0.43754 6.6155 7.806 0 0 0
254 -0.39832 6.6407 7.9039 0 0 0
254.2 -0.36201 6.5105 7.6733 0 0 0
254.4 -0.32362 6.3919 7.5685 0 0 0
254.6 -0.28213 6.2602 7.5497 0 0 0
254.8 -0.15657 6.0489 7.3557 0 0 0
255 -0.026 5.8467 7.4101 0 0 0
255.2 -0.13081 5.9064 7.2859 0 0 0
255.4 -0.34111 6.0961 7.0779 0 0 0
255.6 -0.37128 6.1436 7.0856 0 0 0
255.8 -0.24379 6.1728 7.1124 0 0 0
256 -0.20875 6.2566 7.0545 0 0 0
256.2 -0.23404 6.3068 7.0069 0 0 0
256.4 -0.28906 6.3397 7.0396 0 0 0
256.6 -0.31514 6.3143 7.0002 0 0 0
256.8 -0.25193 6.3297 7.0146 0 0 0
257 -0.25215 6.353 6.8977 0 0 0
257.2 -0.2995 6.3686 6.8777 0 0 0
257.4 -0.33517 6.2775 6.8392 0 0 0
257.6 -0.19595 6.0703 6.9394 0 0 0
257.8 -0.10535 5.9053 7.0525 0 0 0
258 -0.21324 6.023 7.0893 0 0 0
258.2 -0.29294 6.1729 7.1161 0 0 0
258.4 -0.29071 6.3104 7.0355 0 0 0
258.6 -0.28416 6.2933 7.1794 0 0 0
258.8 -0.29619 6.4133 7.0603 0 0 0
259 -0.25849 6.4366 7.237 0 0 0
259.2 -0.26126 6.5238 7.3107 0 0 0
259.4 -0.27441 6.5993 7.1579 0 0 0
259.6 -0.27852 6.6878 7.2221 0 0 0
259.8 -0.21063 6.6897 7.1489 0 0 0
260 -0.1625 6.638 7.2751 0 0 0
260.2 -0.24472 6.6121 7.2381 0 0 0
260.4 -0.23104 6.431 7.1923 0 0 0
260.6 -0.13737 6.3503 7.2169 0 0 0
260.8 -0.16531 6.3138 6.9598 0 0 0
261 -0.22297 6.3102 7.041 0 0 0
261.2 -0.30875 6.3909 7.0979 0 0 0
261.4 -0.31996 6.3098 7.1287 0 0 0
261.6 -0.338 6.3347 7.0744 0 0 0
261.8 -0.25244 6.2838 6.9466 0 0 0
262 -0.30532 6.2709 6.9468 0 0 0
262.2 -0.3075 6.2131 6.9406 0 0 0
262.4 -0.33781 6.2507 6.8858 0 0 0
262.6 -0.37792 6.1862 6.8128 0 0 0
262.8 -0.36222 6.1953 6.5496 0 0 0
263 -0.32435 5.98 6.5691 0 0 0
263.2 -0.28851 5.7574 6.2888 0 0 0
263.4 -0.15694 5.4823 6.3192 0 0 0
263.6 -0.08453 5.2587 6.3193 0 0 0
263.8 -0.030619 5.1447 6.1917 0 0 0
264 -0.11846 5.2701 6.006 0 0 0
264.2 -0.22605 5.3976 5.8773 0 0 0
264.4 -0.2197 5.37 5.8912 0 0 0
264.6 -0.18274 5.429 5.8253 0 0 0
264.8 -0.2113 5.4696 5.6914 0 0 0
265 -0.2102 5.5082 5.6361 0 0 0
265.2 -0.17107 5.5114 5.5579 0 0 0
265.4 -0.1223 5.5075 5.5814 0 0 0
265.6 -0.1597 5.608 5.5085 0 0 0
265.8 -0.19339 5.5681 5.3817 0 0 0
266 -0.10955 5.5227 5.5073 0 0 0
266.2 -0.13969 5.3878 5.3625 0 0 0
266.4 0.0329 5.1808 5.4863 0 0 0
266.6 0.1584 5.0681 5.5192 0 0 0
266.8 -0.021941 5.1743 5.4031 0 0 0
267 -0.14785 5.2145 5.4711 0 0 0
267.2 -0.10708 5.2216 5.3316 0 0 0
267.4 -0.09949 5.3149 5.2362 0 0 0
267.6 -0.13106 5.3777 5.2366 0 0 0
267.8 -0.074126 5.3938 5.27 0 0 0
268 -0.085346 5.4002 5.3333 0 0 0
268.2 -0.084298 5.4009 5.3105 0 0 0
268.4 -0.18892 5.3428 5.2615 0 0 0
268.6 -0.19645 5.2924 5.2497 0 0 0
268.8 -0.13876 5.179 5.1713 0 0 0
269 -0.009878 4.9923 5.1412 0 0 0
269.2 0.093369 4.9195 4.9965 0 0 0
269.4 -0.040717 4.9899 5.0586 0 0 0
269.6 -0.076746 5.0679 5.0558 0 0 0
269.8 -0.064557 5.1257 5.0279 0 0 0
270 -0.036412 5.1046 5.0966 0 0 0
270.2 -0.023187 5.1686 5.0614 0 0 0
270.4 -0.072053 5.2573 5.1354 0 0 0
270.6 -0.11304 5.2935 5.0808 0 0 0
270.8 -0.058834 5.3071 5.0698 0 0 0
271 -0.023832 5.2742 5.1036 0 0 0
271.2 -0.012094 5.2234 5.0483 0 0 0
271.4 -0.015336 5.259 4.9715 0 0 0
271.6 -0.019268 5.1185 4.9025 0 0 0
271.8 0.036566 5.0112 5.0007 0 0 0
272 0.002897 5.0425 4.9634 0 0 0
272.2 -0.05631 5.1248 4.9197 0 0 0
272.4 -0.055176 5.1708 4.8019 0 0 0
272.6 0.020211 5.2443 4.7829 0 0 0
272.8 0.009348 5.2469 4.7743 0 0 0
273 0.049099 5.1683 4.7964 0 0 0
273.2 0.038596 5.1748 4.7481 0 0 0
273.4 -0.000318 5.1851 4.742 0 0 0
273.6 0.010292 5.1291 4.8219 0 0 0
273.8 0.17825 5.0262 4.8343 0 0 0
274 0.23054 4.9594 4.6882 0 0 0
274.2 0.062059 5.0585 4.5931 0 0 0
274.4 -0.088985 5.0613 4.5085 0 0 0
274.6 -0.031658 5.1105 4.4274 0 0 0
274.8 0.039744 5.0333 4.4322 0 0 0
275 0.10519 4.992 4.2947 0 0 0
275.2 0.092472 5.0338 4.1692 0 0 0
275.4 0.055562 4.926 4.205 0 0 0
275.6 0.057498 4.7464 4.1048 0 0 0
275.8 0.14944 4.4748 4.2284 0 0 0
276 0.27674 4.3135 4.2016 0 0 0
276.2 0.27274 4.3132 4.3129 0 0 0
276.4 0.041534 4.3843 4.253 0 0 0
276.6 0.03954 4.4229 4.2879 0 0 0
276.8 0.052268 4.509 4.3743 0 0 0
277 0.040951 4.6186 4.3148 0 0 0
277.2 0.069106 4.6883 4.3092 0 0 0
277.4 -2.3e-05 4.6975 4.1768 0 0 0
277.6 0.053333 4.7177 4.1916 0 0 0
277.8 -0.023088 4.7124 4.1735 0 0 0
278 -0.04549 4.6921 4.2273 0 0 0
278.2 0.0064 4.6556 4.1791 0 0 0
278.4 0.041904 4.5642 4.2024 0 0 0
278.6 0.015209 4.3712 4.0612 0 0 0
278.8 0.010384 4.0832 3.9982 0 0 0
279 -0.009166 3.8416 3.7597 0 0 0
279.2 0.23099 3.4081 3.6026 0 0 0
279.4 0.26238 3.1048 3.6721 0 0 0
279.6 0.17561 3.0537 3.5949 0 0 0
279.8 0.003787 3.2098 3.5437 0 0 0
280 -0.018947 3.4472 3.6481 0 0 0
280.2 -0.10559 3.5423 3.6393 0 0 0
280.4 -0.085767 3.5421 3.6586 0 0 0
280.6 0.020245 3.5557 3.5164 0 0 0
280.8 -0.009466 3.5281 3.4412 0 0 0
281 -0.018728 3.4128 3.458 0 0 0
281.2 -0.012578 3.2188 3.172 0 0 0
281.4 0.048559 3.0077 3 0 0 0
281.6 0.11566 2.5972 2.8554 0 0 0
281.8 0.11543 2.2925 2.6497 0 0 0
282 0.094488 2.159 2.7495 0 0 0
282.2 0.18043 2.2473 2.6284 0 0 0
282.4 0.16395 2.2799 2.5284 0 0 0
282.6 0.063733 2.501 2.3069 0 0 0
282.8 -0.079266 2.6707 2.2592 0 0 0
283 -0.034259 2.6958 2.5075 0 0 0
283.2 -0.10646 2.8822 2.3173 0 0 0
283.4 -0.021969 2.8942 2.228 0 0 0
283.6 -0.050051 2.92 2.3311 0 0 0
283.8 -0.10374 2.9998 2.4014 0 0 0
284 -0.12635 2.9936 2.3535 0 0 0
284.2 -0.10906 2.9782 2.2945 0 0 0
284.4 -0.10816 2.8888 2.3139 0 0 0
284.6 -0.072357 2.7967 2.2172 0 0 0
284.8 0.11047 2.4819 2.3725 0 0 0
285 0.04056 2.5475 2.1859 0 0 0
285.2 -0.098134 2.6416 2.1456 0 0 0
285.4 -0.17552 2.7541 2.0882 0 0 0
285.6 -0.31523 2.9332 2.1585 0 0 0
285.8 -0.24657 2.9652 2.1743 0 0 0
286 -0.136 2.9772 2.2997 0 0 0
286.2 -0.15708 2.9595 2.1318 0 0 0
286.4 -0.19478 3.0462 2.1197 0 0 0
286.6 -0.18185 3.151 2.1205 0 0 0
286.8 -0.23006 3.1264 2.3095 0 0 0
287 -0.25293 3.0348 2.0859 0 0 0
287.2 -0.26313 2.9148 1.8118 0 0 0
287.4 -0.23145 2.8422 1.9854 0 0 0
287.6 -0.049718 2.6113 2.2191 0 0 0
287.8 -0.14781 2.6679 2.1646 0 0 0
288 -0.20515 2.8124 2.1998 0 0 0
288.2 -0.17728 2.8735 2.0215 0 0 0
288.4 -0.17181 2.9262 2.2186 0 0 0
288.6 -0.12701 3.0301 2.3724 0 0 0
288.8 -0.13613 2.9852 2.1945 0 0 0
289 -0.16357 3.0218 2.1406 0 0 0
289.2 -0.11844 3.1243 2.0842 0 0 0
289.4 -0.11606 3.0793 2.0071 0 0 0
289.6 -0.10019 3.0335 2.0784 0 0 0
289.8 -0.068195 3.0099 2.0721 0 0 0
290 -0.057406 2.9563 2.0198 0 0 0
290.2 -0.15775 2.7949 2.0673 0 0 0
290.4 -0.081538 2.6082 1.9975 0 0 0
290.6 0.091978 2.351 2.0968 0 0 0
290.8 0.005175 2.3109 2.1448 0 0 0
291 -0.065492 2.4446 1.7386 0 0 0
291.2 -0.11043 2.5985 1.7067 0 0 0
291.4 -0.1594 2.6178 1.8728 0 0 0
291.6 -0.14387 2.6733 1.8165 0 0 0
291.8 -0.080915 2.7016 1.7164 0 0 0
292 -0.21732 2.8371 1.5961 0 0 0
292.2 -0.21456 2.8243 1.5966 0 0 0
292.4 -0.22486 2.9027 1.4557 0 0 0
292.6 -0.17109 2.9122 1.4048 0 0 0
292.8 -0.11836 2.8608 1.3752 0 0 0
293 -0.17903 2.9666 1.3417 0 0 0
293.2 -0.13793 3.0054 1.2051 0 0 0
293.4 -0.090585 2.9042 1.1426 0 0 0
293.6 -0.00427 2.6311 1.2266 0 0 0
293.8 0.07496 2.4494 1.2191 0 0 0
294 -0.022435 2.3191 1.1514 0 0 0
294.2 -0.043606 2.3089 1.1089 0 0 0
294.4 -0.028059 2.3866 1.1602 0 0 0
294.6 -0.039852 2.4756 1.1637 0 0 0
294.8 -0.13385 2.6295 0.85352 0 0 0
295 -0.13136 2.722 0.83722 0 0 0
295.2 -0.17249 2.6687 0.80325 0 0 0
295.4 -0.053052 2.6648 0.8958 0 0 0
295.6 0.012952 2.775 0.91247 0 0 0
295.8 -0.026051 2.8196 0.9437 0 0 0
296 -0.006213 2.8272 1.0882 0 0 0
296.2 0.009638 2.8223 1.0086 0 0 0
296.4 -0.025931 2.7406 0.8537 0 0 0
296.6 -0.014708 2.7458 0.81179 0 0 0
296.8 0.025669 2.5959 0.70057 0 0 0
297 0.10369 2.4136 0.77795 0 0 0
297.2 0.10829 2.37 0.88471 0 0 0
297.4 -0.004974 2.3746 0.90477 0 0 0
297.6 0.005479 2.4145 1.0207 0 0 0
297.8 0.004953 2.5149 1.0835 0 0 0
298 -0.039306 2.6481 1.0144 0 0 0
298.2 -0.086007 2.6791 1.1061 0 0 0
298.4 -0.092171 2.733 1.1836 0 0 0
298.6 -0.063863 2.7301 1.1575 0 0 0
298.8 -0.049536 2.6891 1.3359 0 0 0
299 -0.11278 2.7593 1.3334 0 0 0
299.2 -0.14505 2.8377 1.021 0 0 0
299.4 -0.14472 2.9074 1.1787 0 0 0
299.6 -0.12449 2.8946 1.3619 0 0 0
299.8 -0.20493 2.8086 1.2748 0 0 0
