0 0.002057 -0.011146 -0.020471 0 0 0
0.2 0.072546 0.076056 -0.019947 0 0 0
0.4 0.032066 0.18446 0.10005 0 0 0
0.6 -0.18856 0.31252 0.21206 0 0 0
0.8 -0.15935 0.4307 0.019355 0 0 0
1 -0.18052 0.4161 -0.084418 0 0 0
1.2 -0.17813 0.34098 -0.081759 0 0 0
1.4 -0.22439 0.38493 0.016947 0 0 0
1.6 -0.21591 0.31764 0.019667 0 0 0
1.8 -0.21777 0.077265 0.046461 0 0 0
2 -0.11177 -0.023457 -0.043492 0 0 0
2.2 -0.028699 -0.13901 -0.17127 0 0 0
2.4 -0.014824 -0.081113 -0.085012 0 0 0
2.6 -0.058833 -0.071083 -0.07807 0 0 0
2.8 -0.097966 -0.023862 -0.022154 0 0 0
3 -0.11069 0.10789 -0.067698 0 0 0
3.2 -0.030103 0.13655 -0.04539 0 0 0
3.4 -0.060314 0.14563 -0.004097 0 0 0
3.6 -0.1749 0.30844 -0.076765 0 0 0
3.8 -0.2435 0.34944 0.036431 0 0 0
4 -0.26152 0.28492 0.18592 0 0 0
4.2 -0.23322 0.31443 -0.12293 0 0 0
4.4 -0.202 0.28272 -0.2373 0 0 0
4.6 -0.067514 0.12994 -0.17506 0 0 0
4.8 -0.15269 0.079247 -0.20525 0 0 0
5 -0.20017 0.090662 -0.30466 0 0 0
5.2 -0.083491 0.083915 -0.19631 0 0 0
5.4 -0.04468 -0.11864 -0.1845 0 0 0
5.6 0.024137 -0.35817 -0.098385 0 0 0
5.8 -0.074098 -0.10815 -0.14922 0 0 0
6 -0.088969 0.010884 -0.059941 0 0 0
6.2 -0.016714 0.11523 -0.20394 0 0 0
6.4 -0.12482 0.25909 -0.18724 0 0 0
6.6 -0.11025 0.20036 -0.26147 0 0 0
6.8 -0.22563 0.21971 -0.093366 0 0 0
7 -0.26099 0.2582 -0.040599 0 0 0
7.2 -0.31949 0.30532 -0.16837 0 0 0
7.4 -0.28929 0.34264 -0.22249 0 0 0
7.6 -0.21517 0.28437 -0.078911 0 0 0
7.8 -0.21572 0.36623 -0.11095 0 0 0
8 -0.22547 0.33852 -0.15988 0 0 0
8.2 -0.099074 0.14578 -0.30913 0 0 0
8.4 -0.076793 -0.064821 -0.31924 0 0 0
8.6 -0.059668 -0.11662 -0.42304 0 0 0
8.8 -0.21481 0.020692 -0.43316 0 0 0
9 -0.23098 -0.01933 -0.33344 0 0 0
9.2 -0.36961 0.14264 -0.27895 0 0 0
9.4 -0.21514 0.084429 -0.25224 0 0 0
9.6 -0.11872 0.050106 -0.28283 0 0 0
9.8 -0.15973 0.11192 -0.33599 0 0 0
10 -0.28243 0.23866 -0.37391 0 0 0
10.2 -0.31692 0.25745 -0.28392 0 0 0
10.4 -0.31442 0.29027 -0.29772 0 0 0
10.6 -0.14777 0.20453 -0.26023 0 0 0
10.8 -0.13188 0.17563 -0.24746 0 0 0
11 -0.11041 0.008719 -0.10514 0 0 0
11.2 -0.21285 0.021946 -0.1623 0 0 0
11.4 -0.17614 -0.018783 -0.38466 0 0 0
11.6 -0.14332 -0.029761 -0.48181 0 0 0
11.8 -0.16741 -0.034857 -0.47102 0 0 0
12 -0.09775 -0.025882 -0.15806 0 0 0
12.2 -0.015972 0.015405 -0.1528 0 0 0
12.4 -0.053395 0.12408 -0.22765 0 0 0
12.6 -0.035268 0.16086 -0.35737 0 0 0
12.8 -0.11334 0.23717 -0.16402 0 0 0
13 -0.16467 0.30943 -0.17234 0 0 0
13.2 0.029141 0.23915 -0.29752 0 0 0
13.4 -0.10388 0.099199 -0.23431 0 0 0
13.6 -0.1946 0.023669 -0.18041 0 0 0
13.8 -0.17245 -0.016028 -0.2063 0 0 0
14 -0.22435 -0.098859 -0.25601 0 0 0
14.2 -0.33979 -0.10851 -0.54144 0 0 0
14.4 -0.19381 -0.13272 -0.44027 0 0 0
14.6 -0.060103 -0.1659 -0.31748 0 0 0
14.8 0.038952 -0.075768 -0.39031 0 0 0
15 -0.043445 0.066895 -0.34838 0 0 0
15.2 -0.078961 0.12681 -0.31 0 0 0
15.4 -0.19672 0.22436 -0.4448 0 0 0
15.6 -0.25062 0.34248 -0.6335 0 0 0
15.8 -0.22349 0.31819 -0.42823 0 0 0
16 -0.25595 0.28224 -0.38307 0 0 0
16.2 -0.17457 0.14741 -0.36623 0 0 0
16.4 -0.20859 0.028794 -0.34522 0 0 0
16.6 -0.28683 -0.091248 -0.38354 0 0 0
16.8 -0.20714 -0.25311 -0.76631 0 0 0
17 -0.20734 -0.15834 -0.63513 0 0 0
17.2 -0.29595 0.033865 -0.64722 0 0 0
17.4 -0.15701 0.019801 -0.36012 0 0 0
17.6 -0.066036 -0.020718 -0.34328 0 0 0
17.8 -0.08146 -0.023499 -0.5288 0 0 0
18 -0.064324 0.054114 -0.47165 0 0 0
18.2 -0.076706 0.19628 -0.47568 0 0 0
18.4 -0.15749 0.21633 -0.38437 0 0 0
18.6 -0.12814 0.015716 -0.36988 0 0 0
18.8 -0.035582 -0.14117 -0.45092 0 0 0
19 -0.025532 -0.3135 -0.35907 0 0 0
19.2 -0.1538 -0.28431 -0.43365 0 0 0
19.4 -0.18603 -0.22113 -0.53518 0 0 0
19.6 -0.14912 -0.24541 -0.44278 0 0 0
19.8 -0.22404 -0.089529 -0.37787 0 0 0
20 -0.23911 -0.003748 -0.4843 0 0 0
20.2 -0.13285 -0.038186 -0.43363 0 0 0
20.4 -0.14508 0.153 -0.45719 0 0 0
20.6 -0.19569 0.28952 -0.51228 0 0 0
20.8 -0.35869 0.21008 -0.38433 0 0 0
21 -0.11216 -0.025007 -0.42338 0 0 0
21.2 -0.061701 -0.10146 -0.51256 0 0 0
21.4 -0.10129 -0.14207 -0.67506 0 0 0
21.6 -0.17144 -0.25599 -0.44707 0 0 0
21.8 -0.12624 -0.28128 -0.56573 0 0 0
22 -0.070749 -0.27325 -0.51181 0 0 0
22.2 -0.016129 -0.19774 -0.45696 0 0 0
22.4 -0.085049 -0.061569 -0.58166 0 0 0
22.6 -0.18591 0.076182 -0.44355 0 0 0
22.8 -0.25876 0.23727 -0.56916 0 0 0
23 -0.18642 0.10071 -0.33452 0 0 0
23.2 -0.13399 0.010296 -0.27884 0 0 0
23.4 -0.24729 -0.012195 -0.57364 0 0 0
23.6 -0.17757 -0.26173 -0.52123 0 0 0
23.8 -0.10624 -0.33039 -0.49052 0 0 0
24 -0.13279 -0.29812 -0.58645 0 0 0
24.2 -0.14758 -0.20008 -0.35856 0 0 0
24.4 -0.17424 -0.17086 -0.36004 0 0 0
24.6 0.01274 -0.19733 -0.38215 0 0 0
24.8 -0.002212 -0.1484 -0.41179 0 0 0
25 -0.077677 -0.098408 -0.42255 0 0 0
25.2 -0.16409 0.075004 -0.40142 0 0 0
25.4 -0.23096 0.21706 -0.45164 0 0 0
25.6 -0.14301 0.12424 -0.4427 0 0 0
25.8 -0.059369 -0.10446 -0.46908 0 0 0
26 -0.096097 -0.12341 -0.50564 0 0 0
26.2 -0.044462 -0.26189 -0.60735 0 0 0
26.4 -0.17025 -0.22731 -0.61718 0 0 0
26.6 -0.00557 -0.25022 -0.66153 0 0 0
26.8 -0.063648 -0.22039 -0.69008 0 0 0
27 -0.069953 -0.18567 -0.55259 0 0 0
27.2 -0.10869 -0.070555 -0.48017 0 0 0
27.4 -0.031368 -0.024098 -0.52106 0 0 0
27.6 -0.084761 0.022893 -0.55274 0 0 0
27.8 -0.16459 0.10266 -0.66172 0 0 0
28 0.002339 -0.074779 -0.73484 0 0 0
28.2 0.039677 -0.24998 -0.85765 0 0 0
28.4 -0.036451 -0.21703 -0.89182 0 0 0
28.6 0.034899 -0.21281 -0.88116 0 0 0
28.8 -0.16327 -0.21416 -0.91863 0 0 0
29 -0.098106 -0.32396 -0.84929 0 0 0
29.2 -0.17137 -0.34718 -0.88414 0 0 0
29.4 -0.23594 -0.11295 -0.91885 0 0 0
29.6 -0.098084 -0.166 -0.97039 0 0 0
29.8 -0.093671 -0.044796 -1.0216 0 0 0
30 -0.10089 -0.20457 -1.1368 0 0 0
30.2 -0.077019 -0.13774 -1.1308 0 0 0
30.4 -0.065777 -0.16929 -1.0289 0 0 0
30.6 -0.012182 -0.33009 -1.0912 0 0 0
30.8 -0.076942 -0.32303 -1.2132 0 0 0
31 -0.1126 -0.42793 -1.2622 0 0 0
31.2 -0.11463 -0.34896 -1.3875 0 0 0
31.4 -0.099389 -0.41798 -1.2611 0 0 0
31.6 -0.11253 -0.308 -1.2705 0 0 0
31.8 -0.044285 -0.28792 -1.1805 0 0 0
32 -0.081812 -0.27958 -1.1529 0 0 0
32.2 -0.051668 -0.30598 -1.0769 0 0 0
32.4 -0.11671 -0.24929 -1.1412 0 0 0
32.6 -0.20602 -0.070579 -1.1719 0 0 0
32.8 -0.31088 -0.054484 -1.119 0 0 0
33 -0.23446 -0.26365 -1.1701 0 0 0
33.2 -0.094098 -0.32683 -1.3559 0 0 0
33.4 -0.22488 -0.40625 -1.4458 0 0 0
33.6 -0.20931 -0.59347 -1.4045 0 0 0
33.8 -0.032686 -0.62193 -1.4365 0 0 0
34 -0.14417 -0.66364 -1.5236 0 0 0
34.2 -0.15275 -0.4346 -1.4709 0 0 0
34.4 -0.042516 -0.45823 -1.2927 0 0 0
34.6 0.004998 -0.35534 -1.2081 0 0 0
34.8 -0.11092 -0.30056 -1.3937 0 0 0
35 -0.18302 -0.11465 -1.3676 0 0 0
35.2 -0.19089 -0.083924 -1.1709 0 0 0
35.4 -0.21103 -0.042935 -1.395 0 0 0
35.6 -0.1471 -0.29503 -1.2975 0 0 0
35.8 -0.01994 -0.43765 -1.2961 0 0 0
36 0.024616 -0.3782 -1.4506 0 0 0
36.2 0.054191 -0.48733 -1.6054 0 0 0
36.4 -0.10784 -0.58825 -1.1823 0 0 0
36.6 -0.13121 -0.49965 -1.1441 0 0 0
36.8 -0.14294 -0.42247 -1.321 0 0 0
37 -0.12706 -0.35831 -1.1743 0 0 0
37.2 -0.22169 -0.21906 -1.3783 0 0 0
37.4 -0.26627 -0.12058 -1.4876 0 0 0
37.6 -0.27996 -0.043746 -1.6327 0 0 0
37.8 -0.13834 -0.11372 -1.3176 0 0 0
38 -0.17953 -0.15947 -1.3101 0 0 0
38.2 -0.1996 -0.22991 -1.4834 0 0 0
38.4 -0.20493 -0.22259 -1.4321 0 0 0
38.6 -0.24282 -0.26252 -1.4895 0 0 0
38.8 -0.084513 -0.54669 -1.3628 0 0 0
39 -0.038485 -0.65278 -1.3857 0 0 0
39.2 -0.11359 -0.54888 -1.3714 0 0 0
39.4 -0.021261 -0.39795 -1.4647 0 0 0
39.6 0.01146 -0.27446 -1.5039 0 0 0
39.8 -0.22973 -0.20363 -1.5071 0 0 0
40 -0.24027 -0.16509 -1.3717 0 0 0
40.2 -0.20177 -0.1244 -1.4918 0 0 0
40.4 -0.23217 -0.086604 -1.4616 0 0 0
40.6 -0.13288 -0.2279 -1.537 0 0 0
40.8 0.00019 -0.49082 -1.4235 0 0 0
41 -0.028741 -0.59568 -1.4518 0 0 0
41.2 -0.10391 -0.66913 -1.5538 0 0 0
41.4 -0.053523 -0.57583 -1.6442 0 0 0
41.6 -0.064996 -0.33756 -1.6865 0 0 0
41.8 -0.06117 -0.33724 -1.5644 0 0 0
42 -0.045671 -0.2822 -1.5105 0 0 0
42.2 -0.23002 -0.21747 -1.3617 0 0 0
42.4 -0.34874 -0.15999 -1.5189 0 0 0
42.6 -0.2962 -0.15423 -1.579 0 0 0
42.8 -0.29218 -0.16786 -1.5521 0 0 0
43 -0.23765 -0.28743 -1.3818 0 0 0
43.2 -0.23465 -0.22674 -1.3377 0 0 0
43.4 -0.17872 -0.24453 -1.3701 0 0 0
43.6 -0.19611 -0.31348 -1.3658 0 0 0
43.8 -0.22314 -0.27343 -1.5059 0 0 0
44 -0.14667 -0.31877 -1.5971 0 0 0
44.2 -0.082093 -0.26714 -1.5732 0 0 0
44.4 -0.20398 -0.16324 -1.6137 0 0 0
44.6 -0.17711 -0.36856 -1.6108 0 0 0
44.8 -0.12485 -0.32546 -1.4982 0 0 0
45 -0.23433 -0.14538 -1.4592 0 0 0
45.2 -0.2432 -0.1476 -1.5073 0 0 0
45.4 -0.22892 -0.16832 -1.4697 0 0 0
45.6 -0.22354 -0.21636 -1.4503 0 0 0
45.8 -0.21097 -0.20207 -1.4809 0 0 0
46 -0.16774 -0.23354 -1.4329 0 0 0
46.2 -0.11575 -0.33638 -1.3848 0 0 0
46.4 -0.13938 -0.40358 -1.3039 0 0 0
46.6 -0.18359 -0.4942 -1.2393 0 0 0
46.8 -0.065715 -0.5581 -1.2003 0 0 0
47 -0.047958 -0.50875 -1.0992 0 0 0
47.2 -0.066056 -0.37047 -0.99808 0 0 0
47.4 -0.09247 -0.3678 -1.1807 0 0 0
47.6 -0.17368 -0.36907 -1.1554 0 0 0
47.8 -0.12068 -0.23461 -0.87946 0 0 0
48 -0.16751 -0.1933 -0.84584 0 0 0
48.2 -0.31425 -0.009057 -0.61954 0 0 0
48.4 -0.11836 0.32418 -0.11836 0 0 0
48.6 -0.057467 0.62931 0.59344 0 0 0
48.8 0.052292 1.026 1.5245 0 0 0
49 -0.001803 1.4275 2.1274 0 0 0
49.2 -0.17411 1.8325 2.6174 0 0 0
49.4 -0.25393 2.0971 2.969 0 0 0
49.6 -0.14425 2.369 3.4915 0 0 0
49.8 -0.16399 2.6692 3.8054 0 0 0
50 -0.1868 2.7907 3.9296 0 0 0
50.2 -0.30869 2.9949 4.2439 0 0 0
50.4 -0.30754 3.1136 4.5011 0 0 0
50.6 -0.32825 3.2007 4.6813 0 0 0
50.8 -0.34885 3.3372 4.6869 0 0 0
51 -0.39804 3.3529 4.6991 0 0 0
51.2 -0.34518 3.3691 4.6629 0 0 0
51.4 -0.14002 3.0927 4.9867 0 0 0
51.6 -0.0916 2.9816 5.1052 0 0 0
51.8 -0.15561 3.066 5.0435 0 0 0
52 -0.1663 3.1304 5.1028 0 0 0
52.2 -0.18559 3.4045 5.4548 0 0 0
52.4 -0.071526 3.5233 5.6781 0 0 0
52.6 -0.11296 3.7197 5.7863 0 0 0
52.8 -0.24784 3.91 6.0506 0 0 0
53 -0.23597 3.9422 6.2959 0 0 0
53.2 -0.14171 4.1675 6.494 0 0 0
53.4 -0.093161 4.2343 6.5874 0 0 0
53.6 -0.094726 4.1483 6.4404 0 0 0
53.8 -0.1238 4.1006 6.4212 0 0 0
54 -0.006902 4.0952 6.5856 0 0 0
54.2 0.16866 3.8994 6.684 0 0 0
54.4 0.13312 3.9506 6.8158 0 0 0
54.6 0.066702 4.1015 6.7565 0 0 0
54.8 0.05544 4.1961 6.8353 0 0 0
55 -0.08265 4.2011 6.7167 0 0 0
55.2 -0.05447 4.1013 6.8218 0 0 0
55.4 -0.017382 4.0862 6.6955 0 0 0
55.6 -0.071466 4.0714 6.519 0 0 0
55.8 -0.10392 4.3282 6.7338 0 0 0
56 -0.3301 4.4929 6.8742 0 0 0
56.2 -0.11217 4.3383 6.838 0 0 0
56.4 0.080559 4.2193 6.8046 0 0 0
56.6 -0.004198 4.1674 6.774 0 0 0
56.8 0.037944 4.144 6.8032 0 0 0
57 -0.042762 4.1536 6.7196 0 0 0
57.2 -0.064957 4.0776 6.8942 0 0 0
57.4 -0.016414 4.03 6.8752 0 0 0
57.6 -0.047661 4.1558 6.5764 0 0 0
57.8 -0.13488 4.1307 6.5411 0 0 0
58 -0.17178 4.2133 6.6255 0 0 0
58.2 -0.21441 4.1195 6.3412 0 0 0
58.4 -0.24686 3.9976 6.3151 0 0 0
58.6 -0.12574 4.03 6.546 0 0 0
58.8 -0.21627 4.0124 6.4935 0 0 0
59 0.042304 3.6577 6.4013 0 0 0
59.2 0.028989 3.686 6.4505 0 0 0
59.4 -0.070117 3.6445 6.5566 0 0 0
59.6 -0.026007 3.5891 6.4426 0 0 0
59.8 -0.1117 3.8847 6.4159 0 0 0
60 -0.15402 3.8351 6.4853 0 0 0
60.2 -0.10517 3.7376 6.3206 0 0 0
60.4 -0.18142 3.9388 6.503 0 0 0
60.6 -0.34156 3.9646 6.4476 0 0 0
60.8 -0.28142 4.0031 6.4383 0 0 0
61 -0.18728 3.9727 6.5749 0 0 0
61.2 0.097854 3.8446 6.6164 0 0 0
61.4 -0.092826 3.9939 6.9557 0 0 0
61.6 -0.04118 3.9343 6.9801 0 0 0
61.8 0.077564 3.7625 6.7163 0 0 0
62 0.12057 3.7521 6.6694 0 0 0
62.2 0.15251 3.8176 6.5664 0 0 0
62.4 0.13526 3.7976 6.6677 0 0 0
62.6 0.12166 3.8777 6.6677 0 0 0
62.8 -0.00495 4.0667 6.7211 0 0 0
63 -0.091768 4.0455 6.5909 0 0 0
63.2 -0.12986 3.9782 6.7465 0 0 0
63.4 0.029138 3.7982 6.8355 0 0 0
63.6 0.13344 3.8646 6.7453 0 0 0
63.8 0.082751 3.845 6.645 0 0 0
64 0.059828 3.8225 6.5612 0 0 0
64.2 0.11758 3.6163 6.4067 0 0 0
64.4 0.10619 3.6804 6.5132 0 0 0
64.6 -0.010407 3.6484 6.3323 0 0 0
64.8 0.056173 3.6827 6.6681 0 0 0
65 0.092983 3.6348 6.4961 0 0 0
65.2 -0.025684 3.6764 6.2777 0 0 0
65.4 -0.029521 3.8065 6.4983 0 0 0
65.6 -0.076639 3.8584 6.5199 0 0 0
65.8 -0.076419 3.7443 6.3963 0 0 0
66 0.089078 3.4962 6.1953 0 0 0
66.2 0.071176 3.4235 6.0634 0 0 0
66.4 0.025782 3.468 6.3154 0 0 0
66.6 -0.045785 3.3603 6.0859 0 0 0
66.8 -0.001579 3.2998 6.0775 0 0 0
67 -0.021268 3.3025 6.1526 0 0 0
67.2 0.034084 3.3626 6.1335 0 0 0
67.4 -0.081185 3.4694 6.0802 0 0 0
67.6 -0.11872 3.5594 6.1328 0 0 0
67.8 -0.018426 3.3647 5.8632 0 0 0
68 -0.060674 3.489 6.0476 0 0 0
68.2 -0.054629 3.5796 6.1879 0 0 0
68.4 0.093782 3.3414 6.001 0 0 0
68.6 0.08091 3.2048 5.9009 0 0 0
68.8 0.016862 3.0162 5.6922 0 0 0
69 0.063889 2.9615 5.8175 0 0 0
69.2 0.080926 3.0864 6.0912 0 0 0
69.4 0.12408 3.1441 6.1288 0 0 0
69.6 0.082523 3.2548 6.1082 0 0 0
69.8 -0.047502 3.2998 6.2611 0 0 0
70 -0.085628 3.4691 6.5126 0 0 0
70.2 0.087051 3.1676 5.8669 0 0 0
70.4 -0.018773 3.3304 6.1648 0 0 0
70.6 -0.13056 3.4627 6.316 0 0 0
70.8 -0.15103 3.422 6.3446 0 0 0
71 0.010924 3.2399 6.2493 0 0 0
71.2 0.13149 2.9848 6.1222 0 0 0
71.4 0.041459 2.9342 6.2523 0 0 0
71.6 0.009952 2.9503 6.2416 0 0 0
71.8 0.018588 3.1131 6.2708 0 0 0
72 0.01884 3.1402 6.3633 0 0 0
72.2 0.096218 3.0783 6.3748 0 0 0
72.4 0.044389 3.0996 6.1955 0 0 0
72.6 -0.055722 3.2369 6.2143 0 0 0
72.8 0.003881 3.3675 6.288 0 0 0
73 -0.088988 3.317 5.9966 0 0 0
73.2 -0.096337 3.3526 5.9334 0 0 0
73.4 0.008119 3.254 5.8503 0 0 0
73.6 0.021823 3.1254 5.8041 0 0 0
73.8 0.13305 2.9797 5.9133 0 0 0
74 0.11865 2.8868 5.8449 0 0 0
74.2 0.049134 2.8826 5.9744 0 0 0
74.4 -0.13808 3.0617 6.0618 0 0 0
74.6 0.059089 2.9781 6.0333 0 0 0
74.8 0.087966 3.0307 5.8542 0 0 0
75 -0.049809 3.1199 5.7184 0 0 0
75.2 -0.19999 3.2751 5.6725 0 0 0
75.4 -0.12602 3.2298 5.6847 0 0 0
75.6 -0.1923 3.3813 5.6868 0 0 0
75.8 -0.13741 3.3873 5.7684 0 0 0
76 -0.11199 3.4577 5.8335 0 0 0
76.2 -0.14583 3.4335 5.683 0 0 0
76.4 -0.177 3.3152 5.5748 0 0 0
76.6 -0.10983 3.14 5.545 0 0 0
76.8 0.020481 2.9741 5.7927 0 0 0
77 0.12611 2.7894 5.6055 0 0 0
77.2 0.091183 2.8144 5.686 0 0 0
77.4 0.10247 2.87 5.7046 0 0 0
77.6 0.056651 2.9609 5.7297 0 0 0
77.8 -0.029021 2.9936 5.5327 0 0 0
78 -0.38894 3.3845 5.6286 0 0 0
78.2 -0.21372 3.2392 5.5728 0 0 0
78.4 -0.22341 3.2365 5.5909 0 0 0
78.6 -0.22907 3.1804 5.2969 0 0 0
78.8 -0.23582 3.0449 5.2822 0 0 0
79 -0.094509 2.856 5.2577 0 0 0
79.2 -0.18234 2.9177 5.3036 0 0 0
79.4 -0.59539 2.8793 5.2363 0 0 0
79.6 -0.2787 2.7698 5.3923 0 0 0
79.8 -0.43792 2.9787 5.7313 0 0 0
80 -0.29845 2.9752 5.6571 0 0 0
80.2 -0.12509 3.0673 5.7498 0 0 0
80.4 -0.25295 3.0894 5.6676 0 0 0
80.6 -0.3009 3.062 5.5121 0 0 0
80.8 -0.26747 3.0441 5.5152 0 0 0
81 -0.16901 3.1486 5.5664 0 0 0
81.2 -0.22086 3.2225 5.6895 0 0 0
81.4 -0.20345 3.1657 5.6885 0 0 0
81.6 -0.24111 3.1403 5.9025 0 0 0
81.8 -0.19397 2.9263 5.763 0 0 0
82 -0.26965 3.013 5.9118 0 0 0
82.2 0.018808 2.8581 5.7944 0 0 0
82.4 0.22705 2.7316 5.8018 0 0 0
82.6 -0.0766 2.9201 5.9443 0 0 0
82.8 0.25528 2.6385 5.9277 0 0 0
83 0.16374 2.7098 5.9608 0 0 0
83.2 0.066598 2.7919 5.9108 0 0 0
83.4 -0.005438 2.8212 5.6032 0 0 0
83.6 -0.18572 2.9096 5.5068 0 0 0
83.8 -0.13991 2.9145 5.4683 0 0 0
84 -0.079347 2.9898 5.5831 0 0 0
84.2 0.021947 3.0739 5.9626 0 0 0
84.4 -0.092677 3.164 5.6915 0 0 0
84.6 -0.15865 3.1648 5.7057 0 0 0
84.8 -0.085001 3.1697 5.7294 0 0 0
85 -0.041895 3.1469 5.5999 0 0 0
85.2 0.067251 2.9049 5.5331 0 0 0
85.4 0.029634 2.8747 5.5647 0 0 0
85.6 0.014545 2.8674 5.6456 0 0 0
85.8 -0.1082 2.8813 5.8884 0 0 0
86 0.060698 2.8823 5.912 0 0 0
86.2 0.26948 2.7522 5.8248 0 0 0
86.4 -0.23342 2.8644 5.5366 0 0 0
86.6 0.001997 2.8637 5.5615 0 0 0
86.8 0.11283 2.9268 5.6773 0 0 0
87 0.06914 2.9871 5.5861 0 0 0
87.2 -0.032412 3.0249 5.5992 0 0 0
87.4 -0.073209 3.1177 5.7064 0 0 0
87.6 0.014916 3.0651 5.6753 0 0 0
87.8 0.075073 2.9753 5.6198 0 0 0
88 0.1662 2.8394 5.6582 0 0 0
88.2 0.21229 2.6736 5.5704 0 0 0
88.4 0.24633 2.5243 5.5338 0 0 0
88.6 0.2014 2.3946 5.3729 0 0 0
88.8 0.25805 2.3966 5.3385 0 0 0
89 0.28499 2.6356 5.5353 0 0 0
89.2 0.12434 2.8988 5.7482 0 0 0
89.4 0.00662 2.8863 5.6132 0 0 0
89.6 -0.062413 2.8833 5.6894 0 0 0
89.8 -0.052635 2.9766 5.7199 0 0 0
90 -0.17522 3.0441 5.6592 0 0 0
90.2 -0.12228 2.9969 5.6005 0 0 0
90.4 -0.03567 2.8926 5.8475 0 0 0
90.6 0.10065 2.7273 5.6739 0 0 0
90.8 0.059678 2.594 5.5567 0 0 0
91 0.009897 2.5593 5.4701 0 0 0
91.2 0.11761 2.4445 5.4367 0 0 0
91.4 0.090227 2.4165 5.5306 0 0 0
91.6 -0.002885 2.6147 5.745 0 0 0
91.8 0.092622 2.5687 5.8453 0 0 0
92 0.12487 2.6482 5.8 0 0 0
92.2 0.063212 2.7457 5.7666 0 0 0
92.4 0.0271 2.6906 5.63 0 0 0
92.6 -0.022544 2.7034 5.5717 0 0 0
92.8 -0.10603 2.8226 5.9228 0 0 0
93 -0.13344 2.8926 5.9921 0 0 0
93.2 -0.061126 2.7925 5.8795 0 0 0
93.4 -0.067068 2.8216 5.9071 0 0 0
93.6 -0.15036 2.738 5.6791 0 0 0
93.8 -0.20845 2.9196 5.9009 0 0 0
94 -0.26847 2.7838 5.6965 0 0 0
94.2 -0.010303 2.4299 5.5135 0 0 0
94.4 0.009677 2.3736 5.3393 0 0 0
94.6 -0.040925 2.3705 5.3054 0 0 0
94.8 0.013786 2.2909 5.3836 0 0 0
95 0.027256 2.3036 5.4054 0 0 0
95.2 -0.052726 2.5111 5.5668 0 0 0
95.4 -0.066218 2.569 5.5778 0 0 0
95.6 -0.084535 2.572 5.591 0 0 0
95.8 -0.045385 2.4132 5.2806 0 0 0
96 -0.081823 2.3726 5.2045 0 0 0
96.2 -0.068032 2.3634 5.241 0 0 0
96.4 -0.050792 2.3132 5.3151 0 0 0
96.6 -0.11422 2.3685 5.1793 0 0 0
96.8 -0.10337 2.3908 5.2889 0 0 0
97 -0.10164 2.262 5.081 0 0 0
97.2 -0.14766 2.3006 5.1936 0 0 0
97.4 -0.10852 2.3277 5.3282 0 0 0
97.6 -0.01682 2.3112 4.9745 0 0 0
97.8 -0.061992 2.3904 5.0101 0 0 0
98 -0.18588 2.5461 5.196 0 0 0
98.2 -0.24138 2.6284 4.9827 0 0 0
98.4 -0.20452 2.533 5.0325 0 0 0
98.6 -0.069987 2.4145 5.2175 0 0 0
98.8 0.012225 2.2927 5.1467 0 0 0
99 -0.054047 2.3518 5.2743 0 0 0
99.2 -0.068606 2.1779 5.0222 0 0 0
99.4 -0.056367 2.1403 5.1851 0 0 0
99.6 0.038122 2.2325 5.263 0 0 0
99.8 -0.02622 2.2835 5.2445 0 0 0
100 0.00847 2.2684 5.2633 0 0 0
100.2 -0.054862 2.4759 5.2278 0 0 0
100.4 -0.17703 2.6108 5.0919 0 0 0
100.6 -0.22962 2.586 5.0293 0 0 0
100.8 -0.27842 2.6692 5.0754 0 0 0
101 -0.18749 2.6045 5.2659 0 0 0
101.2 -0.10693 2.4792 5.2052 0 0 0
101.4 -0.1861 2.3207 5.0292 0 0 0
101.6 -0.21034 2.2129 4.8961 0 0 0
101.8 -0.14783 2.2181 4.9309 0 0 0
102 -0.16872 2.3394 4.9742 0 0 0
102.2 -0.10184 2.2519 5.169 0 0 0
102.4 -0.11256 2.2958 5.2048 0 0 0
102.6 -0.10873 2.3103 5.0881 0 0 0
102.8 -0.15711 2.473 5.1032 0 0 0
103 -0.1711 2.5339 5.1795 0 0 0
103.2 -0.24827 2.6333 5.195 0 0 0
103.4 -0.21018 2.7179 5.1685 0 0 0
103.6 -0.13522 2.4249 4.9111 0 0 0
103.8 -0.10212 2.2272 4.9872 0 0 0
104 -0.11524 2.3739 5.2992 0 0 0
104.2 -0.13465 2.3262 4.9571 0 0 0
104.4 -0.19692 2.3502 4.8738 0 0 0
104.6 -0.12174 2.3012 4.868 0 0 0
104.8 -0.00638 2.2271 4.9109 0 0 0
105 -0.11247 2.2899 5.0205 0 0 0
105.2 -0.16677 2.3627 4.8575 0 0 0
105.4 -0.1665 2.4623 4.9114 0 0 0
105.6 -0.07389 2.4293 4.9454 0 0 0
105.8 -0.1071 2.4956 4.9257 0 0 0
106 -0.08785 2.4633 4.8902 0 0 0
106.2 -0.022463 2.3873 4.8861 0 0 0
106.4 -0.051866 2.3964 4.7478 0 0 0
106.6 -0.06933 2.3333 4.6692 0 0 0
106.8 -0.13713 2.3367 4.6457 0 0 0
107 -0.10551 2.2623 4.5878 0 0 0
107.2 -0.11673 2.4241 4.8487 0 0 0
107.4 -0.14585 2.4415 4.6973 0 0 0
107.6 -0.092614 2.4015 4.647 0 0 0
107.8 0.008915 2.3218 4.7491 0 0 0
108 -0.042454 2.4295 4.7173 0 0 0
108.2 -0.011988 2.5624 4.8594 0 0 0
108.4 -0.012532 2.6367 5.053 0 0 0
108.6 -0.08868 2.6482 4.95 0 0 0
108.8 -0.091272 2.4298 4.6216 0 0 0
109 -0.084654 2.3712 4.8099 0 0 0
109.2 -0.1169 2.4447 4.9963 0 0 0
109.4 -0.19031 2.5161 4.9003 0 0 0
109.6 -0.12721 2.4695 4.7643 0 0 0
109.8 -0.12906 2.486 4.9035 0 0 0
110 -0.12945 2.4695 4.9888 0 0 0
110.2 -0.11013 2.3935 5.1588 0 0 0
110.4 -0.12041 2.5422 5.2322 0 0 0
110.6 -0.094257 2.6645 5.2062 0 0 0
110.8 -0.003477 2.7163 5.0955 0 0 0
111 -0.10929 2.7502 5.1789 0 0 0
111.2 -0.20626 2.7863 5.0654 0 0 0
111.4 -0.062081 2.5913 5.1118 0 0 0
111.6 -0.061099 2.508 5.2818 0 0 0
111.8 -0.12752 2.5037 5.2769 0 0 0
112 -0.2225 2.5553 5.2896 0 0 0
112.2 -0.23362 2.4482 5.217 0 0 0
112.4 -0.21577 2.4745 5.1852 0 0 0
112.6 -0.12436 2.4331 5.2929 0 0 0
112.8 0.001581 2.3796 5.3948 0 0 0
113 -0.068421 2.4691 5.3903 0 0 0
113.2 -0.082755 2.5516 5.4101 0 0 0
113.4 -0.12071 2.6422 5.291 0 0 0
113.6 -0.29077 2.7803 5.1217 0 0 0
113.8 -0.26517 2.7998 5.2469 0 0 0
114 -0.16886 2.6521 5.2663 0 0 0
114.2 -0.12422 2.5227 5.3198 0 0 0
114.4 -0.18278 2.5677 5.4219 0 0 0
114.6 -0.2401 2.5177 5.3807 0 0 0
114.8 -0.18956 2.4958 5.4121 0 0 0
115 -0.17211 2.6365 5.3986 0 0 0
115.2 -0.086597 2.5131 5.476 0 0 0
115.4 -0.040358 2.5126 5.7365 0 0 0
115.6 0.005044 2.589 5.5744 0 0 0
115.8 -0.023116 2.7293 5.6489 0 0 0
116 -0.056649 2.7662 5.6115 0 0 0
116.2 -0.088689 2.7392 5.2429 0 0 0
116.4 -0.15326 2.7311 5.2265 0 0 0
116.6 -0.047871 2.7105 5.5936 0 0 0
116.8 -0.10309 2.6249 5.6513 0 0 0
117 0.014082 2.4872 5.6069 0 0 0
117.2 0.021428 2.5609 5.5774 0 0 0
117.4 -0.16393 2.6171 5.4269 0 0 0
117.6 -0.13314 2.5715 5.5179 0 0 0
117.8 -0.007991 2.4743 5.5922 0 0 0
118 -0.038664 2.5685 5.7262 0 0 0
118.2 -0.006309 2.6971 5.745 0 0 0
118.4 -0.033869 2.6841 5.5187 0 0 0
118.6 -0.077483 2.7928 5.4982 0 0 0
118.8 -0.18811 2.7912 5.3618 0 0 0
119 -0.099209 2.7561 5.5709 0 0 0
119.2 -0.020248 2.6765 5.664 0 0 0
119.4 -0.15579 2.7183 5.5358 0 0 0
119.6 -0.18082 2.6745 5.4122 0 0 0
119.8 -0.044606 2.5813 5.3051 0 0 0
120 -0.039333 2.6808 5.4657 0 0 0
120.2 0.09456 2.5311 5.5602 0 0 0
120.4 0.12007 2.5553 5.5826 0 0 0
120.6 0.072249 2.6514 5.5943 0 0 0
120.8 0.090802 2.7784 5.6253 0 0 0
121 0.10831 2.8215 5.5053 0 0 0
121.2 -0.002101 2.7616 5.3085 0 0 0
121.4 -0.097198 2.8252 5.4569 0 0 0
121.6 0.069036 2.7034 5.3701 0 0 0
121.8 0.069005 2.5677 5.3236 0 0 0
122 0.039015 2.4608 5.2569 0 0 0
122.2 -0.022482 2.4585 5.4751 0 0 0
122.4 -0.04721 2.5315 5.4629 0 0 0
122.6 -0.098828 2.6866 5.5573 0 0 0
122.8 0.014974 2.6233 5.5614 0 0 0
123 -0.026731 2.83 5.7124 0 0 0
123.2 -0.039235 2.8337 5.4137 0 0 0
123.4 -0.16157 2.9176 5.4316 0 0 0
123.6 -0.17207 3.0045 5.4765 0 0 0
123.8 -0.15579 2.9681 5.4988 0 0 0
124 -0.19532 3.0028 5.4556 0 0 0
124.2 0.008621 2.8011 5.2222 0 0 0
124.4 0.073219 2.7501 5.389 0 0 0
124.6 0.049432 2.6062 5.3931 0 0 0
124.8 0.03101 2.4881 5.3807 0 0 0
125 -0.059769 2.6438 5.4845 0 0 0
125.2 -0.1116 2.6676 5.4281 0 0 0
125.4 0.025107 2.5426 5.4485 0 0 0
125.6 0.052161 2.6463 5.5682 0 0 0
125.8 0.065492 2.7518 5.4052 0 0 0
126 -0.068606 2.8416 5.4705 0 0 0
126.2 -0.23239 2.9965 5.5979 0 0 0
126.4 -0.17411 2.9504 5.5087 0 0 0
126.6 -0.15884 2.8656 5.4408 0 0 0
126.8 -0.034608 2.7853 5.4175 0 0 0
127 -0.002185 2.7397 5.5009 0 0 0
127.2 0.039691 2.4612 5.2804 0 0 0
127.4 0.011783 2.554 5.3478 0 0 0
127.6 -0.098959 2.691 5.3365 0 0 0
127.8 -0.10618 2.6946 5.2699 0 0 0
128 -0.1127 2.6083 5.2238 0 0 0
128.2 -0.042268 2.6369 5.3973 0 0 0
128.4 -0.03442 2.638 5.4436 0 0 0
128.6 -0.10337 2.6805 5.4816 0 0 0
128.8 -0.14097 2.6744 5.3112 0 0 0
129 -0.21765 2.7635 5.3196 0 0 0
129.2 -0.10108 2.59 5.2697 0 0 0
129.4 -0.013606 2.6948 5.4703 0 0 0
129.6 0.055669 2.6463 5.5161 0 0 0
129.8 -0.045746 2.6399 5.2613 0 0 0
130 -0.13234 2.7357 5.3231 0 0 0
130.2 0.010133 2.645 5.4712 0 0 0
130.4 0.058819 2.7056 5.5191 0 0 0
130.6 0.053442 2.7209 5.4272 0 0 0
130.8 -0.033792 2.7543 5.3899 0 0 0
131 -0.11193 2.9469 5.5797 0 0 0
131.2 -0.094361 2.9879 5.4927 0 0 0
131.4 -0.14491 2.9777 5.4419 0 0 0
131.6 -0.06162 2.8459 5.5008 0 0 0
131.8 0.019718 2.6314 5.4954 0 0 0
132 -0.014597 2.5656 5.3924 0 0 0
132.2 0.005694 2.5419 5.296 0 0 0
132.4 -0.037064 2.6667 5.3839 0 0 0
132.6 0.011723 2.66 5.3776 0 0 0
132.8 0.024867 2.722 5.4145 0 0 0
133 0.060784 2.8475 5.5172 0 0 0
133.2 -0.092465 2.9843 5.6185 0 0 0
133.4 -0.091171 3.0969 5.5113 0 0 0
133.6 -0.16775 3.1354 5.5749 0 0 0
133.8 -0.1835 3.0878 5.3315 0 0 0
134 -0.1723 3.151 5.4654 0 0 0
134.2 -0.138 3.0306 5.4523 0 0 0
134.4 -0.074244 2.986 5.3016 0 0 0
134.6 -0.12213 2.9525 5.4771 0 0 0
134.8 -0.13997 2.8111 5.4805 0 0 0
135 -0.001727 2.6534 5.4677 0 0 0
135.2 0.097677 2.5705 5.5114 0 0 0
135.4 0.054917 2.7528 5.4447 0 0 0
135.6 0.011573 2.9238 5.4475 0 0 0
135.8 -0.070636 3.0382 5.6107 0 0 0
136 -0.19045 3.1198 5.4166 0 0 0
136.2 -0.11457 3.1554 5.4679 0 0 0
136.4 -0.20208 3.2701 5.5586 0 0 0
136.6 -0.18754 3.2865 5.3418 0 0 0
136.8 -0.13353 3.1942 5.3515 0 0 0
137 -0.2001 3.1288 5.4338 0 0 0
137.2 -0.027027 2.8885 5.2833 0 0 0
137.4 -0.077529 2.8125 5.1914 0 0 0
137.6 -0.028835 2.7419 5.2743 0 0 0
137.8 0.009994 2.769 5.3996 0 0 0
138 0.010952 2.9744 5.3895 0 0 0
138.2 -0.084722 2.9476 5.2871 0 0 0
138.4 -0.067379 3.056 5.2571 0 0 0
138.6 -0.075371 3.2376 5.4634 0 0 0
138.8 -0.16431 3.3248 5.6249 0 0 0
139 -0.14838 3.1929 5.3128 0 0 0
139.2 -0.12788 3.0601 5.1699 0 0 0
139.4 -0.050137 2.9815 5.4144 0 0 0
139.6 0.009869 2.8161 5.4444 0 0 0
139.8 -0.018337 2.7734 5.3503 0 0 0
140 0.049743 2.7112 5.4116 0 0 0
140.2 0.076844 2.7938 5.552 0 0 0
140.4 0.034737 2.9585 5.5105 0 0 0
140.6 -0.011125 2.9733 5.3584 0 0 0
140.8 -0.12651 3.1574 5.4117 0 0 0
141 -0.16014 3.3156 5.6519 0 0 0
141.2 -0.13586 3.247 5.4819 0 0 0
141.4 -0.11829 3.2149 5.3539 0 0 0
141.6 -0.20633 3.2054 5.5056 0 0 0
141.8 -0.22601 3.237 5.489 0 0 0
142 -0.19623 3.094 5.4376 0 0 0
142.2 -0.035706 2.883 5.3664 0 0 0
142.4 -0.06795 2.8241 5.4766 0 0 0
142.6 -0.13628 2.818 5.4323 0 0 0
142.8 0.007174 2.6865 5.5561 0 0 0
143 0.037099 2.7054 5.5697 0 0 0
143.2 0.002518 2.7941 5.4678 0 0 0
143.4 0.006498 2.91 5.29 0 0 0
143.6 -0.12436 2.9271 5.4579 0 0 0
143.8 -0.18546 3.0478 5.4369 0 0 0
144 -0.18397 3.0837 5.2776 0 0 0
144.2 -0.17713 3.1586 5.3462 0 0 0
144.4 -0.1609 3.1338 5.5309 0 0 0
144.6 -0.1212 3.035 5.4642 0 0 0
144.8 -0.11346 2.9306 5.4313 0 0 0
145 -0.039067 2.7222 5.3381 0 0 0
145.2 -0.04067 2.7233 5.4292 0 0 0
145.4 -0.079713 2.827 5.451 0 0 0
145.6 0.049399 2.7187 5.5189 0 0 0
145.8 -0.014642 2.8696 5.4172 0 0 0
146 -0.085207 2.8825 5.1962 0 0 0
146.2 -0.20412 3.039 5.3014 0 0 0
146.4 -0.18533 3.1078 5.4406 0 0 0
146.6 -0.12874 3.1232 5.5803 0 0 0
146.8 -0.10112 3.0685 5.5785 0 0 0
147 -0.14786 2.9781 5.4375 0 0 0
147.2 -0.090594 2.8208 5.47 0 0 0
147.4 -0.045925 2.6433 5.4468 0 0 0
147.6 -0.13221 2.7593 5.4049 0 0 0
147.8 -0.1346 2.7706 5.4298 0 0 0
148 -0.12043 2.7708 5.3083 0 0 0
148.2 -0.11265 2.8354 5.362 0 0 0
148.4 -0.13161 2.854 5.2297 0 0 0
148.6 -0.13797 2.9281 5.305 0 0 0
148.8 -0.16611 3.0661 5.3462 0 0 0
149 -0.16612 3.1076 5.2917 0 0 0
149.2 -0.14623 3.0176 5.286 0 0 0
149.4 -0.1475 3.0535 5.3791 0 0 0
149.6 -0.19454 3.0726 5.3737 0 0 0
149.8 -0.26217 3.0952 5.4224 0 0 0
150 -0.22766 3.0765 5.2253 0 0 0
150.2 -0.22628 3.0977 5.3771 0 0 0
150.4 -0.17891 3.0994 5.3312 0 0 0
150.6 -0.15817 3.04 5.2712 0 0 0
150.8 -0.14489 3.0332 5.2437 0 0 0
151 0.005646 2.8788 5.3025 0 0 0
151.2 0.03502 2.7909 5.3895 0 0 0
151.4 0.060798 2.6305 5.3273 0 0 0
151.6 -0.070786 2.8297 5.4109 0 0 0
151.8 -0.17316 2.9737 5.4316 0 0 0
152 -0.24151 3.1157 5.3534 0 0 0
152.2 -0.24266 3.1998 5.4609 0 0 0
152.4 -0.17261 3.1815 5.2961 0 0 0
152.6 -0.21034 3.144 5.2252 0 0 0
152.8 -0.2058 3.1914 5.3849 0 0 0
153 -0.22784 3.2685 5.4067 0 0 0
153.2 -0.22965 3.0915 5.2216 0 0 0
153.4 -0.15047 3.0253 5.2003 0 0 0
153.6 0.012229 2.785 5.1863 0 0 0
153.8 -0.074732 2.8125 5.2965 0 0 0
154 -0.12428 2.7811 5.4184 0 0 0
154.2 -0.043721 2.6655 5.4667 0 0 0
154.4 -0.048115 2.6867 5.1265 0 0 0
154.6 -0.071984 2.7844 5.2263 0 0 0
154.8 -0.23143 2.9856 5.394 0 0 0
155 -0.21824 3.048 5.2972 0 0 0
155.2 -0.21344 3.0942 5.2718 0 0 0
155.4 -0.2466 3.0818 5.2576 0 0 0
155.6 -0.30056 3.1356 5.2417 0 0 0
155.8 -0.22924 3.0302 5.0855 0 0 0
156 -0.0298 2.7564 4.9798 0 0 0
156.2 0.020216 2.6372 5.1288 0 0 0
156.4 0.042601 2.5316 5.297 0 0 0
156.6 -0.039436 2.6243 5.4397 0 0 0
156.8 -0.064173 2.6523 5.3828 0 0 0
157 -0.039782 2.7401 5.4189 0 0 0
157.2 -0.13762 2.8952 5.2846 0 0 0
157.4 -0.25195 3.0041 5.2985 0 0 0
157.6 -0.20399 2.9742 5.2966 0 0 0
157.8 -0.30824 3.1229 5.5268 0 0 0
158 -0.28554 3.0701 5.4306 0 0 0
158.2 -0.23067 2.9251 5.1364 0 0 0
158.4 -0.15476 2.842 5.2536 0 0 0
158.6 -0.15601 2.7334 5.3082 0 0 0
158.8 -0.11098 2.6797 5.4283 0 0 0
159 -0.12488 2.7029 5.5534 0 0 0
159.2 -0.068173 2.6261 5.4718 0 0 0
159.4 -0.1248 2.7114 5.4076 0 0 0
159.6 -0.24248 2.8718 5.4068 0 0 0
159.8 -0.32216 3.0014 5.2964 0 0 0
160 -0.31733 3.0648 5.4176 0 0 0
160.2 -0.27291 3.0841 5.4239 0 0 0
160.4 -0.32508 3.1006 5.4047 0 0 0
160.6 -0.31621 2.9415 5.2814 0 0 0
160.8 -0.20919 2.7013 5.335 0 0 0
161 -0.14318 2.6666 5.4453 0 0 0
161.2 -0.27777 2.7387 5.3381 0 0 0
161.4 -0.1473 2.6644 5.3981 0 0 0
161.6 -0.090304 2.5799 5.3081 0 0 0
161.8 -0.074794 2.6353 5.5893 0 0 0
162 -0.16601 2.8791 5.7036 0 0 0
162.2 -0.30465 2.9511 5.4934 0 0 0
162.4 -0.31059 2.9414 5.3069 0 0 0
162.6 -0.25293 2.9895 5.3173 0 0 0
162.8 -0.30401 2.9257 5.1614 0 0 0
163 -0.30117 2.9406 5.2398 0 0 0
163.2 -0.12469 2.7153 5.1967 0 0 0
163.4 -0.10273 2.5052 5.124 0 0 0
163.6 -0.11915 2.4043 4.9479 0 0 0
163.8 -0.14186 2.4177 5.1793 0 0 0
164 -0.10453 2.4444 5.4047 0 0 0
164.2 -0.13731 2.6739 5.343 0 0 0
164.4 -0.22326 2.8352 5.3815 0 0 0
164.6 -0.33714 2.9733 5.4162 0 0 0
164.8 -0.34281 3.0225 5.4005 0 0 0
165 -0.31957 3.0706 5.3541 0 0 0
165.2 -0.32995 3.0019 5.2405 0 0 0
165.4 -0.37139 2.9997 5.2068 0 0 0
165.6 -0.16172 2.8453 5.2402 0 0 0
165.8 -0.066094 2.545 5.1027 0 0 0
166 -0.071455 2.4126 5.025 0 0 0
166.2 -0.21421 2.5361 4.9505 0 0 0
166.4 -0.13325 2.4619 5.0446 0 0 0
166.6 -0.14721 2.5661 4.9763 0 0 0
166.8 -0.15466 2.7324 4.9851 0 0 0
167 -0.21855 2.9319 5.1255 0 0 0
167.2 -0.18251 2.9114 5.04 0 0 0
167.4 -0.22001 2.9757 5.3196 0 0 0
167.6 -0.26471 2.9395 5.0515 0 0 0
167.8 -0.25089 2.9256 5.1342 0 0 0
168 -0.1117 2.7542 5.2547 0 0 0
168.2 -0.099848 2.538 5.1278 0 0 0
168.4 -0.22388 2.5743 5.1746 0 0 0
168.6 -0.19876 2.4754 5.1837 0 0 0
168.8 -0.1469 2.3524 4.97 0 0 0
169 -0.12609 2.5859 5.2914 0 0 0
169.2 -0.1666 2.7482 5.3356 0 0 0
169.4 -0.19411 2.7111 5.1674 0 0 0
169.6 -0.33642 2.8764 5.3662 0 0 0
169.8 -0.30399 2.9837 5.4728 0 0 0
170 -0.242 3.0368 5.4385 0 0 0
170.2 -0.29041 3.0345 5.5308 0 0 0
170.4 -0.12293 2.8478 5.3778 0 0 0
170.6 -0.12336 2.7686 5.4803 0 0 0
170.8 -0.18207 2.6111 5.2759 0 0 0
171 -0.25669 2.6168 5.0023 0 0 0
171.2 -0.2322 2.6985 5.1737 0 0 0
171.4 -0.16479 2.5918 5.2995 0 0 0
171.6 -0.10648 2.5421 5.3314 0 0 0
171.8 -0.11311 2.7326 5.3616 0 0 0
172 -0.22802 2.8856 5.4008 0 0 0
172.2 -0.29194 3.0249 5.5815 0 0 0
172.4 -0.23431 3.0581 5.6125 0 0 0
172.6 -0.19126 2.9712 5.2824 0 0 0
172.8 -0.34418 3.0098 5.2984 0 0 0
173 -0.24271 2.9561 5.4888 0 0 0
173.2 -0.093183 2.781 5.5979 0 0 0
173.4 -0.17292 2.8266 5.4932 0 0 0
173.6 -0.20991 2.6169 5.2087 0 0 0
173.8 -0.096099 2.6005 5.4447 0 0 0
174 -0.059035 2.7734 5.6009 0 0 0
174.2 -0.10309 2.8169 5.529 0 0 0
174.4 -0.26748 2.9349 5.4477 0 0 0
174.6 -0.27692 2.934 5.2393 0 0 0
174.8 -0.27535 2.9885 5.2998 0 0 0
175 -0.29043 3.0443 5.2937 0 0 0
175.2 -0.21101 2.9621 5.204 0 0 0
175.4 -0.15507 2.9249 5.419 0 0 0
175.6 -0.11878 2.9055 5.5021 0 0 0
175.8 -0.059238 2.7413 5.2796 0 0 0
176 -0.14265 2.5573 4.823 0 0 0
176.2 -0.16251 2.6136 5.1176 0 0 0
176.4 -0.10265 2.6116 5.377 0 0 0
176.6 -0.12516 2.7916 5.4452 0 0 0
176.8 -0.090791 2.8591 5.4924 0 0 0
177 -0.25046 3.0262 5.5447 0 0 0
177.2 -0.26598 3.0511 5.2805 0 0 0
177.4 -0.20734 3.0762 5.3773 0 0 0
177.6 -0.28751 3.1075 5.4706 0 0 0
177.8 -0.33668 3.1061 5.5154 0 0 0
178 -0.26572 2.9581 5.4448 0 0 0
178.2 -0.11329 2.851 5.494 0 0 0
178.4 -0.017959 2.6336 5.3153 0 0 0
178.6 -0.12544 2.6563 5.4669 0 0 0
178.8 -0.10471 2.6517 5.4857 0 0 0
179 -0.065992 2.5621 5.2467 0 0 0
179.2 -0.043452 2.6823 5.3558 0 0 0
179.4 -0.17192 2.8768 5.4476 0 0 0
179.6 -0.29174 2.9584 5.4314 0 0 0
179.8 -0.27617 3.0501 5.3128 0 0 0
180 -0.2364 3.0175 5.3426 0 0 0
180.2 -0.35561 3.0457 5.2976 0 0 0
180.4 -0.29078 2.9324 5.2844 0 0 0
180.6 -0.11424 2.7013 5.4258 0 0 0
180.8 -0.083033 2.5061 5.2539 0 0 0
181 -0.10716 2.4937 5.2466 0 0 0
181.2 -0.11281 2.5804 5.3148 0 0 0
181.4 -0.22255 2.7357 5.4583 0 0 0
181.6 -0.18262 2.6499 5.378 0 0 0
181.8 -0.15927 2.7234 5.2029 0 0 0
182 -0.25521 2.8934 5.2877 0 0 0
182.2 -0.35634 2.9472 5.3427 0 0 0
182.4 -0.364 3.0492 5.4545 0 0 0
182.6 -0.37872 3.07 5.2881 0 0 0
182.8 -0.34975 2.9859 5.2955 0 0 0
183 -0.24371 2.7814 5.2923 0 0 0
183.2 -0.19426 2.6476 5.1763 0 0 0
183.4 -0.19543 2.6861 5.3068 0 0 0
183.6 -0.13552 2.6082 5.419 0 0 0
183.8 -0.2057 2.5655 5.3415 0 0 0
184 -0.27709 2.5626 5.3837 0 0 0
184.2 -0.086758 2.5862 5.2455 0 0 0
184.4 -0.096349 2.7336 5.2418 0 0 0
184.6 -0.22069 2.9003 5.359 0 0 0
184.8 -0.30029 3.0054 5.5604 0 0 0
185 -0.25136 3.0331 5.3699 0 0 0
185.2 -0.27157 3.0197 5.3561 0 0 0
185.4 -0.33515 3.078 5.4008 0 0 0
185.6 -0.26437 2.9983 5.5593 0 0 0
185.8 -0.11081 2.6578 5.2718 0 0 0
186 -0.18726 2.5618 5.1891 0 0 0
186.2 -0.16012 2.5349 5.3002 0 0 0
186.4 -0.19209 2.615 5.3365 0 0 0
186.6 -0.18188 2.5767 5.389 0 0 0
186.8 -0.12893 2.5526 5.2555 0 0 0
187 -0.19903 2.7348 5.1228 0 0 0
187.2 -0.31469 2.8494 5.2194 0 0 0
187.4 -0.38743 2.9531 5.3767 0 0 0
187.6 -0.39783 3.0006 5.4135 0 0 0
187.8 -0.41707 3.096 5.3837 0 0 0
188 -0.31658 2.8913 5.201 0 0 0
188.2 -0.31721 2.8506 5.3327 0 0 0
188.4 -0.22192 2.6238 5.396 0 0 0
188.6 -0.14564 2.4412 5.2492 0 0 0
188.8 -0.25583 2.5063 5.1984 0 0 0
189 -0.33871 2.551 5.2476 0 0 0
189.2 -0.1752 2.4498 5.3327 0 0 0
189.4 -0.17679 2.5471 5.3726 0 0 0
189.6 -0.24316 2.7362 5.2904 0 0 0
189.8 -0.36946 2.866 5.1944 0 0 0
190 -0.33308 2.9037 5.3554 0 0 0
190.2 -0.32626 3.0216 5.5043 0 0 0
190.4 -0.39156 3.0601 5.4565 0 0 0
190.6 -0.39197 3.0455 5.3992 0 0 0
190.8 -0.42364 3.0015 5.3264 0 0 0
191 -0.35423 2.8889 5.198 0 0 0
191.2 -0.13209 2.6558 5.2782 0 0 0
191.4 -0.12985 2.5419 5.2671 0 0 0
191.6 -0.11493 2.4883 5.2886 0 0 0
191.8 -0.10115 2.5563 5.2332 0 0 0
192 -0.13145 2.6759 5.1528 0 0 0
192.2 -0.19376 2.7577 5.2267 0 0 0
192.4 -0.2437 2.9053 5.3657 0 0 0
192.6 -0.3677 3.056 5.4225 0 0 0
192.8 -0.36235 3.0693 5.3354 0 0 0
193 -0.34655 3.076 5.3128 0 0 0
193.2 -0.34915 3.0261 5.1476 0 0 0
193.4 -0.33743 3.0073 5.2073 0 0 0
193.6 -0.35196 2.9642 5.412 0 0 0
193.8 -0.13805 2.8261 5.3116 0 0 0
194 -0.15305 2.7359 5.3206 0 0 0
194.2 -0.12762 2.598 5.3421 0 0 0
194.4 -0.16321 2.6252 5.3911 0 0 0
194.6 -0.21507 2.796 5.2983 0 0 0
194.8 -0.29824 2.9553 5.2577 0 0 0
195 -0.39381 3.1408 5.3442 0 0 0
195.2 -0.33517 3.1157 5.4044 0 0 0
195.4 -0.31865 3.0602 5.3652 0 0 0
195.6 -0.39246 3.1426 5.4889 0 0 0
195.8 -0.39131 3.1118 5.3783 0 0 0
196 -0.29272 3.0508 5.2142 0 0 0
196.2 -0.36306 3.0511 5.2654 0 0 0
196.4 -0.26709 3.0256 5.4716 0 0 0
196.6 -0.15345 2.8149 5.3114 0 0 0
196.8 -0.11588 2.6959 5.3239 0 0 0
197 -0.13797 2.6992 5.2907 0 0 0
197.2 -0.21205 2.8516 5.3825 0 0 0
197.4 -0.1646 2.9095 5.4684 0 0 0
197.6 -0.325 3.0141 5.2746 0 0 0
197.8 -0.36552 3.0359 5.2412 0 0 0
198 -0.34164 3.0626 5.3195 0 0 0
198.2 -0.38336 3.1634 5.5662 0 0 0
198.4 -0.40553 3.1916 5.4792 0 0 0
198.6 -0.40829 3.2038 5.5087 0 0 0
198.8 -0.39125 3.141 5.4061 0 0 0
199 -0.4047 3.1174 5.3704 0 0 0
199.2 -0.3907 2.997 5.207 0 0 0
199.4 -0.33054 3.0488 5.3373 0 0 0
199.6 -0.32785 3.085 5.1884 0 0 0
199.8 -0.26303 3.0986 5.2201 0 0 0
200 -0.2745 3.0892 5.407 0 0 0
200.2 -0.3198 3.1952 5.2895 0 0 0
200.4 -0.32598 3.1335 5.2155 0 0 0
200.6 -0.30601 3.0906 5.2598 0 0 0
200.8 -0.14062 2.9715 5.3735 0 0 0
201 -0.16257 3.0722 5.5227 0 0 0
201.2 -0.29833 3.1198 5.4187 0 0 0
201.4 -0.30183 3.0664 4.9619 0 0 0
201.6 -0.299 3.079 4.9736 0 0 0
201.8 -0.35629 3.203 5.3503 0 0 0
202 -0.34466 3.1434 5.2224 0 0 0
202.2 -0.36116 3.1605 5.2248 0 0 0
202.4 -0.31777 3.2241 5.3481 0 0 0
202.6 -0.30892 3.1574 5.3891 0 0 0
202.8 -0.22768 3.0186 5.3493 0 0 0
203 -0.19741 3.0249 5.6661 0 0 0
203.2 -0.17496 2.9192 5.3967 0 0 0
203.4 -0.1939 2.907 5.3037 0 0 0
203.6 -0.31381 3.0716 5.4474 0 0 0
203.8 -0.41565 3.1724 5.4768 0 0 0
204 -0.37459 3.2559 5.6253 0 0 0
204.2 -0.37805 3.2153 5.4475 0 0 0
204.4 -0.37082 3.282 5.368 0 0 0
204.6 -0.3807 3.3018 5.5076 0 0 0
204.8 -0.38604 3.2904 5.633 0 0 0
205 -0.40307 3.3505 5.5551 0 0 0
205.2 -0.23292 3.1499 5.4977 0 0 0
205.4 -0.10154 2.9231 5.4787 0 0 0
205.6 -0.079948 2.7898 5.4389 0 0 0
205.8 -0.1549 2.889 5.6229 0 0 0
206 -0.093966 2.9425 5.4703 0 0 0
206.2 -0.12493 3.087 5.534 0 0 0
206.4 -0.23865 3.1084 5.4562 0 0 0
206.6 -0.22641 3.1414 5.4529 0 0 0
206.8 -0.33342 3.2769 5.5459 0 0 0
207 -0.34382 3.2974 5.4755 0 0 0
207.2 -0.32684 3.1631 5.3062 0 0 0
207.4 -0.2192 3.0108 5.4637 0 0 0
207.6 -0.19032 2.9353 5.4955 0 0 0
207.8 -0.16368 2.8242 5.5796 0 0 0
208 -0.27112 2.7624 5.2422 0 0 0
208.2 -0.25239 2.7018 5.1731 0 0 0
208.4 -0.19039 2.7434 5.3323 0 0 0
208.6 -0.18693 2.9363 5.3446 0 0 0
208.8 -0.22016 3.0027 5.4617 0 0 0
209 -0.28174 3.1619 5.5377 0 0 0
209.2 -0.28993 3.2583 5.3977 0 0 0
209.4 -0.30872 3.2211 5.4928 0 0 0
209.6 -0.32511 3.0421 5.4473 0 0 0
209.8 -0.17247 2.8186 5.4444 0 0 0
210 -0.15675 2.7217 5.2067 0 0 0
210.2 -0.22687 2.6637 5.2762 0 0 0
210.4 -0.27688 2.6461 5.1812 0 0 0
210.6 -0.25478 2.5776 5.125 0 0 0
210.8 -0.1996 2.6621 5.1934 0 0 0
211 -0.21899 2.8058 5.4442 0 0 0
211.2 -0.22387 2.8228 5.5257 0 0 0
211.4 -0.16758 2.8079 5.3777 0 0 0
211.6 -0.28174 2.9883 5.6142 0 0 0
211.8 -0.21111 2.8988 5.5359 0 0 0
212 -0.104 2.7828 5.3063 0 0 0
212.2 -0.11085 2.7018 5.3639 0 0 0
212.4 -0.23589 2.6382 5.2722 0 0 0
212.6 -0.20241 2.5922 5.2458 0 0 0
212.8 -0.21083 2.4668 4.8797 0 0 0
213 -0.13929 2.5079 5.0776 0 0 0
213.2 -0.11234 2.5837 5.2497 0 0 0
213.4 -0.10472 2.5745 5.3379 0 0 0
213.6 -0.12218 2.6566 5.3001 0 0 0
213.8 -0.1148 2.7044 5.0751 0 0 0
214 -0.18868 2.8716 5.3577 0 0 0
214.2 -0.20665 3.0202 5.5775 0 0 0
214.4 -0.12601 2.8473 5.3603 0 0 0
214.6 -0.092348 2.7987 5.2937 0 0 0
214.8 -0.10687 2.6937 5.2966 0 0 0
215 -0.12727 2.6159 5.315 0 0 0
215.2 -0.063639 2.5182 4.9397 0 0 0
215.4 -0.21704 2.4045 4.7705 0 0 0
215.6 -0.17752 2.4542 4.8451 0 0 0
215.8 -0.21555 2.5945 5.1558 0 0 0
216 -0.28534 2.6256 5.36 0 0 0
216.2 -0.2648 2.6171 5.2135 0 0 0
216.4 -0.2349 2.5982 5.0106 0 0 0
216.6 -0.17116 2.5344 4.8324 0 0 0
216.8 -0.26635 2.6936 5.1336 0 0 0
217 -0.26551 2.8378 5.3655 0 0 0
217.2 -0.27133 2.911 5.4974 0 0 0
217.4 -0.30226 3.0148 5.6415 0 0 0
217.6 -0.27361 2.7915 5.4113 0 0 0
217.8 -0.28601 2.6309 5.2956 0 0 0
218 -0.22329 2.6386 5.1318 0 0 0
218.2 -0.21951 2.637 5.3153 0 0 0
218.4 -0.2787 2.6258 5.3733 0 0 0
218.6 -0.24915 2.4739 5.3425 0 0 0
218.8 -0.27606 2.5635 5.3624 0 0 0
219 -0.27177 2.6362 5.4172 0 0 0
219.2 -0.22657 2.7066 5.4904 0 0 0
219.4 -0.17531 2.7801 5.3254 0 0 0
219.6 -0.11561 2.8905 5.3569 0 0 0
219.8 -0.10644 2.9201 5.2564 0 0 0
220 -0.1705 2.7184 5.0018 0 0 0
220.2 -0.18667 2.6173 5.0874 0 0 0
220.4 -0.28349 2.568 5.0512 0 0 0
220.6 -0.31602 2.6517 4.9993 0 0 0
220.8 -0.36135 2.6154 4.6901 0 0 0
221 -0.33264 2.6401 4.7172 0 0 0
221.2 -0.30084 2.5959 5.032 0 0 0
221.4 -0.33823 2.5875 5.2188 0 0 0
221.6 -0.32748 2.7183 5.2303 0 0 0
221.8 -0.29171 2.8022 5.1621 0 0 0
222 -0.23021 2.6409 4.9365 0 0 0
222.2 -0.19302 2.6646 5.1134 0 0 0
222.4 -0.25889 2.8365 5.4071 0 0 0
222.6 -0.22006 2.7757 5.1627 0 0 0
222.8 -0.28439 2.6711 4.9967 0 0 0
223 -0.28613 2.651 5.0124 0 0 0
223.2 -0.23108 2.405 4.7287 0 0 0
223.4 -0.35551 2.2921 4.5373 0 0 0
223.6 -0.29289 2.3524 4.4906 0 0 0
223.8 -0.37533 2.6417 5.0284 0 0 0
224 -0.37501 2.7707 5.3425 0 0 0
224.2 -0.39317 2.7295 5.3508 0 0 0
224.4 -0.30471 2.5886 5.3095 0 0 0
224.6 -0.2412 2.5742 5.1469 0 0 0
224.8 -0.26758 2.7163 5.2429 0 0 0
225 -0.23405 2.7624 5.1785 0 0 0
225.2 -0.25809 2.7254 5.1218 0 0 0
225.4 -0.21589 2.688 4.894 0 0 0
225.6 -0.34468 2.6579 4.8513 0 0 0
225.8 -0.29744 2.661 5.1185 0 0 0
226 -0.36567 2.4816 4.9079 0 0 0
226.2 -0.25032 2.3186 4.4647 0 0 0
226.4 -0.28701 2.301 4.4154 0 0 0
226.6 -0.44531 2.4628 4.772 0 0 0
226.8 -0.31003 2.348 4.6397 0 0 0
227 -0.29657 2.261 4.4994 0 0 0
227.2 -0.34448 2.5536 5.0523 0 0 0
227.4 -0.37412 2.6733 5.1962 0 0 0
227.6 -0.29864 2.676 4.8981 0 0 0
227.8 -0.1898 2.4214 4.5401 0 0 0
228 -0.37412 2.4427 4.5394 0 0 0
228.2 -0.33788 2.4669 4.4951 0 0 0
228.4 -0.20141 2.3522 4.4014 0 0 0
228.6 -0.26081 2.3027 4.4629 0 0 0
228.8 -0.31996 2.2684 4.4815 0 0 0
229 -0.32336 2.2496 4.4941 0 0 0
229.2 -0.34591 2.2991 4.5233 0 0 0
229.4 -0.33305 2.2242 4.5431 0 0 0
229.6 -0.3246 2.219 4.3463 0 0 0
229.8 -0.24728 2.2823 4.4263 0 0 0
230 -0.22165 2.2671 4.3893 0 0 0
230.2 -0.32342 2.4216 4.6567 0 0 0
230.4 -0.36662 2.401 4.4919 0 0 0
230.6 -0.38423 2.1436 4.1332 0 0 0
230.8 -0.44311 2.2221 4.1965 0 0 0
231 -0.39156 2.2977 4.2012 0 0 0
231.2 -0.30564 2.2565 4.1491 0 0 0
231.4 -0.42096 2.3894 4.7319 0 0 0
231.6 -0.3537 2.2402 4.4554 0 0 0
231.8 -0.38094 2.1105 4.2691 0 0 0
232 -0.40232 2.1455 4.5986 0 0 0
232.2 -0.44551 2.203 4.5457 0 0 0
232.4 -0.35406 2.2418 4.6494 0 0 0
232.6 -0.2712 2.2033 4.5576 0 0 0
232.8 -0.2955 2.4218 4.791 0 0 0
233 -0.3241 2.6668 5.2488 0 0 0
233.2 -0.31653 2.8316 5.5467 0 0 0
233.4 -0.29759 3.0736 5.6704 0 0 0
233.6 -0.27333 3.1303 5.5227 0 0 0
233.8 -0.23627 3.0425 5.3341 0 0 0
234 -0.34808 2.9255 5.615 0 0 0
234.2 -0.33282 2.8787 5.4855 0 0 0
234.4 -0.37377 2.6302 4.9101 0 0 0
234.6 -0.50052 2.5176 4.9251 0 0 0
234.8 -0.48567 2.2924 4.3744 0 0 0
235 -0.51782 2.3609 4.5978 0 0 0
235.2 -0.41491 2.4516 4.7194 0 0 0
235.4 -0.39313 2.5636 4.9002 0 0 0
235.6 -0.29663 2.5334 4.7043 0 0 0
235.8 -0.23116 2.493 4.5732 0 0 0
236 -0.36875 2.6033 4.792 0 0 0
236.2 -0.47276 2.5608 4.5557 0 0 0
236.4 -0.37881 2.6605 4.4386 0 0 0
236.6 -0.34115 2.63 4.4242 0 0 0
236.8 -0.38739 2.6233 4.5074 0 0 0
237 -0.2647 2.3966 4.3373 0 0 0
237.2 -0.26991 2.4726 4.5176 0 0 0
237.4 -0.31693 2.4682 4.747 0 0 0
237.6 -0.49611 2.5653 4.7604 0 0 0
237.8 -0.42162 2.3463 4.3531 0 0 0
238 -0.24988 2.2117 4.2898 0 0 0
238.2 -0.18425 2.1799 4.2442 0 0 0
238.4 -0.20884 2.3526 4.4864 0 0 0
238.6 -0.45915 2.7293 5.0408 0 0 0
238.8 -0.43194 2.5903 4.7258 0 0 0
239 -0.40587 2.4061 4.4745 0 0 0
239.2 -0.46516 2.5112 4.7289 0 0 0
239.4 -0.51473 2.6627 4.5733 0 0 0
239.6 -0.4638 2.416 4.1902 0 0 0
239.8 -0.45217 2.3737 4.205 0 0 0
240 -0.40766 2.1835 4.0658 0 0 0
240.2 -0.49602 2.0763 4.0719 0 0 0
240.4 -0.50035 2.2222 4.1894 0 0 0
240.6 -0.48156 2.1801 4.3236 0 0 0
240.8 -0.51764 2.178 4.4044 0 0 0
241 -0.44432 2.2041 4.4116 0 0 0
241.2 -0.4829 2.1042 4.1795 0 0 0
241.4 -0.42241 2.154 4.2246 0 0 0
241.6 -0.41156 2.0839 4.1545 0 0 0
241.8 -0.31131 2.1016 4.0498 0 0 0
242 -0.33544 2.1343 4.0379 0 0 0
242.2 -0.58485 2.5159 4.5369 0 0 0
242.4 -0.55557 2.446 4.2547 0 0 0
242.6 -0.39083 2.4759 4.5178 0 0 0
242.8 -0.48157 2.7354 5.3319 0 0 0
243 -0.46911 2.7242 5.4937 0 0 0
243.2 -0.39555 2.5749 5.3238 0 0 0
243.4 -0.29451 2.4043 5.1878 0 0 0
243.6 -0.33547 2.5853 5.6277 0 0 0
243.8 -0.43397 2.8469 6.0674 0 0 0
244 -0.41824 2.8949 6.1262 0 0 0
244.2 -0.16214 2.8853 5.9396 0 0 0
244.4 -0.18079 2.9015 5.9442 0 0 0
244.6 -0.3493 3.1168 6.4109 0 0 0
244.8 -0.3614 3.298 6.605 0 0 0
245 -0.44533 3.3669 6.5289 0 0 0
245.2 -0.60589 3.5224 6.7882 0 0 0
245.4 -0.50441 3.3364 6.6528 0 0 0
245.6 -0.4472 3.4489 7.2783 0 0 0
245.8 -0.1912 3.2055 6.8596 0 0 0
246 -0.31178 3.2537 7.2269 0 0 0
246.2 -0.33386 3.3916 7.3381 0 0 0
246.4 -0.33267 3.436 7.5402 0 0 0
246.6 -0.41151 3.3617 7.571 0 0 0
246.8 -0.19514 3.3759 7.6332 0 0 0
247 -0.19306 3.6521 8.3014 0 0 0
247.2 -0.20452 3.6405 8.0022 0 0 0
247.4 -0.15688 3.5968 7.6549 0 0 0
247.6 -0.26418 3.7996 8.043 0 0 0
247.8 -0.35135 3.7702 7.9969 0 0 0
248 -0.2468 3.8379 8.1358 0 0 0
248.2 -0.13538 3.8843 8.3631 0 0 0
248.4 -0.048023 3.7933 8.3152 0 0 0
248.6 0.008845 3.6411 8.1744 0 0 0
248.8 0.01998 3.6667 8.4291 0 0 0
249 -0.092498 3.7674 8.7107 0 0 0
249.2 -0.016383 3.9151 9.0265 0 0 0
249.4 0.15346 3.9838 8.9617 0 0 0
249.6 0.080555 4.1613 9.2223 0 0 0
249.8 -0.065573 4.2361 9.2237 0 0 0
250 0.006478 4.1329 9.0035 0 0 0
250.2 -0.15008 4.1869 9.0631 0 0 0
250.4 -0.11996 4.4107 9.438 0 0 0
250.6 0.071808 4.3186 9.0205 0 0 0
250.8 0.050785 4.412 9.3082 0 0 0
251 -0.052397 4.0599 8.6461 0 0 0
251.2 0.027307 4.0556 8.9029 0 0 0
251.4 -0.03358 4.194 9.313 0 0 0
251.6 -0.046873 4.2745 9.366 0 0 0
251.8 -0.051983 4.1724 9.2647 0 0 0
252 0.05133 4.0047 9.0548 0 0 0
252.2 0.000496 3.8302 8.5503 0 0 0
252.4 0.070329 3.8945 8.5461 0 0 0
252.6 0.13147 4.1226 8.6661 0 0 0
252.8 0.12875 4.0379 8.4853 0 0 0
253 -0.026298 4.2231 9.0001 0 0 0
253.2 -0.085163 4.2379 8.927 0 0 0
253.4 -0.19432 4.5182 9.345 0 0 0
253.6 -0.14209 4.1658 8.5263 0 0 0
253.8 0.011516 4.1884 8.6465 0 0 0
254 -0.020624 4.0014 8.7008 0 0 0
254.2 -0.057221 4.0653 8.9992 0 0 0
254.4 0.11291 3.8428 8.8715 0 0 0
254.6 0.11838 3.7556 8.7896 0 0 0
254.8 0.12412 3.7328 8.5681 0 0 0
255 0.049618 3.8531 8.9024 0 0 0
255.2 -0.082692 3.9742 9.1485 0 0 0
255.4 -0.14457 3.9814 9.1494 0 0 0
255.6 0.02353 3.8227 8.7117 0 0 0
255.8 0.045811 3.7656 8.4797 0 0 0
256 -0.11091 4.01 9.044 0 0 0
256.2 0.03851 3.9433 8.9456 0 0 0
256.4 0.051636 3.9832 8.8548 0 0 0
256.6 -0.064947 4.2166 9.0841 0 0 0
256.8 -0.10973 4.2415 9.0947 0 0 0
257 -0.037657 4.3142 9.2337 0 0 0
257.2 -0.01258 4.1896 9.0537 0 0 0
257.4 -0.19309 4.3089 9.033 0 0 0
257.6 -0.11059 4.4739 9.2939 0 0 0
257.8 0.053017 4.2696 8.8582 0 0 0
258 0.044402 4.1894 8.6583 0 0 0
258.2 0.009398 4.0723 8.3144 0 0 0
258.4 0.044855 4.1693 8.6243 0 0 0
258.6 0.17393 4.0571 8.7996 0 0 0
258.8 0.11484 3.7644 8.1674 0 0 0
259 0.005323 3.856 8.2487 0 0 0
259.2 0.018594 3.9198 8.5836 0 0 0
259.4 0.0093 3.9938 8.6273 0 0 0
259.6 0.14295 4.0107 8.6309 0 0 0
259.8 0.075696 4.1053 8.8572 0 0 0
260 0.094006 4.2833 9.0657 0 0 0
260.2 0.11401 4.1777 8.7861 0 0 0
260.4 -0.00693 4.2146 8.7044 0 0 0
260.6 0.000445 4.4733 9.1463 0 0 0
260.8 0.056097 4.3166 8.8299 0 0 0
261 0.13441 4.27 8.7679 0 0 0
261.2 0.16368 4.23 8.7208 0 0 0
261.4 0.063189 4.2692 8.9714 0 0 0
261.6 0.10265 4.1038 8.9639 0 0 0
261.8 0.080435 3.9801 8.6709 0 0 0
262 -0.013769 4.0934 8.8189 0 0 0
262.2 0.26601 3.9646 8.4773 0 0 0
262.4 0.27866 3.9016 8.3738 0 0 0
262.6 0.10771 4.1245 8.7278 0 0 0
262.8 0.1544 4.1031 8.4643 0 0 0
263 0.060936 4.1411 8.5365 0 0 0
263.2 0.075668 4.1056 8.2186 0 0 0
263.4 0.002168 4.1671 8.4779 0 0 0
263.6 -0.057157 4.3477 8.8346 0 0 0
263.8 0.1125 3.9538 7.9088 0 0 0
264 0.020193 3.805 7.7131 0 0 0
264.2 0.025924 3.919 8.3753 0 0 0
264.4 0.027181 3.5865 7.9348 0 0 0
264.6 -0.046829 3.4474 7.6492 0 0 0
264.8 -0.13229 3.5328 7.9227 0 0 0
265 -0.10874 3.5958 7.8361 0 0 0
265.2 -0.061068 3.6103 8.1184 0 0 0
265.4 -0.10435 3.7595 8.2707 0 0 0
265.6 -0.20453 3.807 8.1571 0 0 0
265.8 -0.023654 3.6928 7.7365 0 0 0
266 0.005823 3.5879 7.4268 0 0 0
266.2 -0.16054 3.7216 7.8656 0 0 0
266.4 -0.1566 3.714 7.8597 0 0 0
266.6 -0.06364 3.8806 8.2697 0 0 0
266.8 -0.014256 3.8139 8.1276 0 0 0
267 -0.057046 3.4522 7.6614 0 0 0
267.2 -0.013293 3.2809 7.4938 0 0 0
267.4 -0.043034 3.1576 7.3401 0 0 0
267.6 -0.13822 3.3137 7.5554 0 0 0
267.8 -0.13759 3.49 7.7782 0 0 0
268 -0.013343 3.5077 7.9124 0 0 0
268.2 8.3e-05 3.591 7.9924 0 0 0
268.4 -0.05262 3.6164 8.2008 0 0 0
268.6 -0.12178 3.6902 8.1139 0 0 0
268.8 -0.17361 3.7587 7.8804 0 0 0
269 -0.067646 3.7503 7.952 0 0 0
269.2 0.077618 3.3984 7.4817 0 0 0
269.4 -0.089088 3.5632 7.8092 0 0 0
269.6 -0.057063 3.5258 7.9252 0 0 0
269.8 0.032122 3.1595 7.2517 0 0 0
270 0.043237 2.9304 7.0237 0 0 0
270.2 -0.10682 2.9245 6.7724 0 0 0
270.4 -0.056648 2.7916 6.6098 0 0 0
270.6 -0.015523 2.8783 6.6516 0 0 0
270.8 -0.16915 2.8396 6.5379 0 0 0
271 -0.17075 2.8149 6.5943 0 0 0
271.2 -0.031124 2.4439 5.6251 0 0 0
271.4 -0.07964 2.1192 4.8548 0 0 0
271.6 -0.098691 1.9386 4.4193 0 0 0
271.8 -0.27015 1.9998 4.2607 0 0 0
272 -0.29938 2.1021 4.4607 0 0 0
272.2 -0.15568 1.8389 4.1529 0 0 0
272.4 -0.16808 1.7203 4.1117 0 0 0
272.6 -0.28202 1.866 4.1955 0 0 0
272.8 -0.31753 1.8399 4.094 0 0 0
273 -0.15095 1.6211 3.8706 0 0 0
273.2 -0.053848 1.6753 3.9199 0 0 0
273.4 -0.093782 1.8914 3.994 0 0 0
273.6 -0.14876 1.7671 3.8461 0 0 0
273.8 -0.17198 1.8363 3.9897 0 0 0
274 -0.35502 2.1295 4.2093 0 0 0
274.2 -0.4166 2.2591 4.1114 0 0 0
274.4 -0.40661 2.2283 4.0799 0 0 0
274.6 -0.41534 2.1775 4.1055 0 0 0
274.8 -0.2863 2.0668 4 0 0 0
275 -0.15227 1.9696 3.953 0 0 0
275.2 -0.10336 1.7192 3.79 0 0 0
275.4 -0.2522 1.7971 4.0324 0 0 0
275.6 -0.24306 1.9122 4.2468 0 0 0
275.8 -0.13946 1.8735 4.1764 0 0 0
276 -0.27406 2.02 4.2741 0 0 0
276.2 -0.29179 2.1113 4.3911 0 0 0
276.4 -0.26439 2.0815 4.2351 0 0 0
276.6 -0.33565 2.2331 4.2055 0 0 0
276.8 -0.40683 2.4397 4.4664 0 0 0
277 -0.33284 2.2472 4.0256 0 0 0
277.2 -0.26785 2.1109 3.9459 0 0 0
277.4 -0.28063 2.3385 4.3425 0 0 0
277.6 -0.2317 2.129 3.9947 0 0 0
277.8 -0.11307 1.8078 3.7699 0 0 0
278 -0.15299 1.7502 3.68 0 0 0
278.2 -0.21734 1.7657 3.5086 0 0 0
278.4 -0.29745 1.8278 3.6801 0 0 0
278.6 -0.22463 1.9683 3.847 0 0 0
278.8 -0.14055 2.0165 3.8348 0 0 0
279 -0.15827 2.0302 3.9956 0 0 0
279.2 -0.26253 2.1102 4.0524 0 0 0
279.4 -0.41523 2.2736 4.3493 0 0 0
279.6 -0.31612 2.0666 3.7581 0 0 0
279.8 -0.42039 1.827 3.4452 0 0 0
280 -0.5918 2.2494 4.1981 0 0 0
280.2 -0.26335 1.9337 3.6877 0 0 0
280.4 -0.26718 1.772 3.5834 0 0 0
280.6 -0.51922 1.8021 3.9163 0 0 0
280.8 -0.39785 1.5514 3.5494 0 0 0
281 -0.29681 1.5479 3.2994 0 0 0
281.2 -0.30093 1.7078 3.6457 0 0 0
281.4 -0.30237 1.7783 3.5506 0 0 0
281.6 -0.36609 1.6706 3.3929 0 0 0
281.8 -0.48379 1.9481 3.9209 0 0 0
282 -0.26478 1.7775 3.3844 0 0 0
282.2 -0.26786 1.7321 3.2681 0 0 0
282.4 -0.46872 2.0357 3.587 0 0 0
282.6 -0.30944 1.8264 3.2597 0 0 0
282.8 -0.43224 1.67 3.14 0 0 0
283 -0.42967 1.8286 3.6334 0 0 0
283.2 -0.35187 1.8048 3.5886 0 0 0
283.4 -0.32505 1.5217 3.1979 0 0 0
283.6 -0.49649 1.4554 3.3116 0 0 0
283.8 -0.50432 1.6438 3.5814 0 0 0
284 -0.39264 1.7435 3.6579 0 0 0
284.2 -0.25372 1.4816 3.0388 0 0 0
284.4 -0.29594 1.7221 3.4967 0 0 0
284.6 -0.41376 1.757 3.6979 0 0 0
284.8 -0.27795 1.6831 3.5379 0 0 0
285 -0.50753 1.865 3.7423 0 0 0
285.2 -0.56301 1.9037 3.5085 0 0 0
285.4 -0.36057 1.6814 3.2141 0 0 0
285.6 -0.39452 1.7174 3.4019 0 0 0
285.8 -0.2722 1.5752 3.2051 0 0 0
286 -0.18753 1.5207 3.2761 0 0 0
286.2 -0.16795 1.3013 3.2322 0 0 0
286.4 -0.11365 0.95399 2.4471 0 0 0
286.6 -0.13928 1.1142 2.7325 0 0 0
286.8 -0.11279 1.2644 3.0002 0 0 0
287 -0.20295 1.5298 3.3602 0 0 0
287.2 -0.24863 1.6101 3.4415 0 0 0
287.4 -0.23832 1.4456 3.0122 0 0 0
287.6 -0.20568 1.4198 2.8132 0 0 0
287.8 -0.38538 1.7018 3.1869 0 0 0
288 -0.37963 1.7169 3.1171 0 0 0
288.2 -0.35009 1.9211 3.2691 0 0 0
288.4 -0.26472 1.8939 3.332 0 0 0
288.6 -0.27927 1.9139 3.3156 0 0 0
288.8 -0.36614 1.9089 3.3348 0 0 0
289 -0.31206 1.6097 3.1746 0 0 0
289.2 -0.24379 1.5273 3.3191 0 0 0
289.4 -0.29164 1.6478 3.3554 0 0 0
289.6 -0.26929 1.6626 3.5116 0 0 0
289.8 -0.24333 1.7214 3.5203 0 0 0
290 -0.24588 1.6664 3.2092 0 0 0
290.2 -0.17003 1.6603 3.1193 0 0 0
290.4 -0.22068 1.6646 2.9886 0 0 0
290.6 -0.34982 2.0364 3.5399 0 0 0
290.8 -0.28083 2.0034 3.5518 0 0 0
291 -0.25012 1.9624 3.321 0 0 0
291.2 -0.3852 2.196 3.6426 0 0 0
291.4 -0.41957 2.1708 3.7712 0 0 0
291.6 -0.3274 1.9789 3.663 0 0 0
291.8 -0.33173 1.9127 3.4721 0 0 0
292 -0.23536 1.7492 3.4933 0 0 0
292.2 -0.24803 1.6019 3.6004 0 0 0
292.4 -0.21624 1.5114 3.4342 0 0 0
292.6 -0.29815 1.7885 3.6674 0 0 0
292.8 -0.28846 1.8627 3.5509 0 0 0
293 -0.35776 1.9319 3.8357 0 0 0
293.2 -0.3524 2.0223 3.8073 0 0 0
293.4 -0.3761 2.0569 3.7736 0 0 0
293.6 -0.37457 2.0512 3.754 0 0 0
293.8 -0.37426 2.156 3.5161 0 0 0
294 -0.46077 2.1857 3.534 0 0 0
294.2 -0.44677 2.1351 3.671 0 0 0
294.4 -0.46447 2.0695 3.96 0 0 0
294.6 -0.41907 2.0299 3.917 0 0 0
294.8 -0.28551 1.7585 3.4552 0 0 0
295 -0.33097 1.7975 3.511 0 0 0
295.2 -0.29896 1.8527 3.7289 0 0 0
295.4 -0.34633 1.9437 3.6483 0 0 0
295.6 -0.40174 1.979 3.5003 0 0 0
295.8 -0.37683 2.0539 3.6449 0 0 0
296 -0.33731 1.995 3.6016 0 0 0
296.2 -0.36982 2.072 3.7531 0 0 0
296.4 -0.39291 2.2114 3.843 0 0 0
296.6 -0.41077 2.1709 3.5683 0 0 0
296.8 -0.3341 1.9525 3.3857 0 0 0
297 -0.17052 1.7897 3.3618 0 0 0
297.2 -0.21867 1.9124 3.7552 0 0 0
297.4 -0.29577 1.8398 3.789 0 0 0
297.6 -0.29937 1.9009 3.5888 0 0 0
297.8 -0.33862 1.9482 3.7273 0 0 0
298 -0.27571 1.9815 3.7541 0 0 0
298.2 -0.43689 2.1892 4.0305 0 0 0
298.4 -0.4095 2.1441 3.7536 0 0 0
298.6 -0.35896 2.2109 3.8779 0 0 0
298.8 -0.35961 2.0314 3.5144 0 0 0
299 -0.44459 2.0804 3.5601 0 0 0
299.2 -0.34181 1.9315 3.2942 0 0 0
299.4 -0.20615 1.9048 3.4444 0 0 0
299.6 -0.25044 1.9226 3.7282 0 0 0
299.8 -0.19177 1.8708 3.4985 0 0 0
