0 -0.003616 -0.007181 -0.004422 0 0 0
0.2 0.037976 -0.007818 0.036265 0 0 0
0.4 -0.011253 0.031505 0.062836 0 0 0
0.6 -0.025273 0.10169 0.093074 0 0 0
0.8 -0.086093 0.24377 0.13171 0 0 0
1 -0.00674 0.31842 0.19513 0 0 0
1.2 -0.082732 0.41976 0.14306 0 0 0
1.4 -0.1356 0.4012 0.22945 0 0 0
1.6 -0.12921 0.47271 0.29974 0 0 0
1.8 -0.064896 0.45238 0.17105 0 0 0
2 -0.09792 0.47124 0.17058 0 0 0
2.2 -0.10332 0.47201 0.27562 0 0 0
2.4 -0.09929 0.42714 0.26237 0 0 0
2.6 -0.12849 0.34606 0.10551 0 0 0
2.8 0.039912 0.30584 0.07887 0 0 0
3 0.038212 0.19252 0.066281 0 0 0
3.2 0.040862 0.098751 -0.056302 0 0 0
3.4 0.074041 0.076242 -0.004828 0 0 0
3.6 0.009107 0.048422 0.044595 0 0 0
3.8 0.021883 -0.059784 -0.040137 0 0 0
4 -0.054737 0.073297 -0.014783 0 0 0
4.2 -0.032475 0.13612 0.008891 0 0 0
4.4 -0.041048 0.14863 -0.080612 0 0 0
4.6 -0.066513 0.21291 0.008856 0 0 0
4.8 -0.049398 0.29274 0.031697 0 0 0
5 -0.053211 0.2928 0.099475 0 0 0
5.2 -0.079717 0.27828 0.048882 0 0 0
5.4 -0.08287 -0.038398 -0.041779 0 0 0
5.6 -0.015407 -0.33709 -0.064239 0 0 0
5.8 0.26618 -0.68291 -0.19282 0 0 0
6 0.44363 -0.81542 -0.31256 0 0 0
6.2 0.40127 -0.77434 -0.36277 0 0 0
6.4 0.34365 -0.71273 -0.2494 0 0 0
6.6 0.20707 -0.61956 -0.24144 0 0 0
6.8 0.020003 -0.38995 -0.25287 0 0 0
7 -0.15628 -0.12819 -0.076026 0 0 0
7.2 -0.080743 0.011838 0.056988 0 0 0
7.4 -0.11707 0.14184 0.069551 0 0 0
7.6 -0.12166 0.15706 0.020332 0 0 0
7.8 -0.14455 0.15597 0.056696 0 0 0
8 -0.13544 0.25925 0.132 0 0 0
8.2 -0.18845 0.31058 0.20438 0 0 0
8.4 -0.15449 0.24728 0.16338 0 0 0
8.6 -0.012083 0.18691 0.15427 0 0 0
8.8 -0.005696 0.14936 0.055698 0 0 0
9 0.02955 0.1687 0.044801 0 0 0
9.2 0.15501 0.14869 0.007068 0 0 0
9.4 0.1702 0.081105 0.044054 0 0 0
9.6 0.001689 0.037696 0.040737 0 0 0
9.8 -0.17172 0.072158 0.062921 0 0 0
10 -0.16691 0.17092 -0.007851 0 0 0
10.2 -0.066977 0.12797 0.05606 0 0 0
10.4 0.073584 0.10155 0.11258 0 0 0
10.6 -0.001566 0.11515 0.030472 0 0 0
10.8 0.16601 0.07503 0.11188 0 0 0
11 0.25679 0.092847 0.26853 0 0 0
11.2 0.43854 0.072937 0.29186 0 0 0
11.4 0.27505 0.12562 0.10548 0 0 0
11.6 0.36624 -0.031607 0.022955 0 0 0
11.8 0.20629 -0.080981 -0.055523 0 0 0
12 0.022441 -0.079483 -0.14428 0 0 0
12.2 0.098027 -0.15566 -0.14851 0 0 0
12.4 0.20204 -0.30082 -0.093205 0 0 0
12.6 0.37493 -0.46559 -0.087785 0 0 0
12.8 0.47743 -0.49375 -0.13835 0 0 0
13 0.37685 -0.3637 -0.14301 0 0 0
13.2 0.30387 -0.18822 -0.039832 0 0 0
13.4 0.24259 -0.092558 -0.033416 0 0 0
13.6 0.45984 -0.086327 0.048538 0 0 0
13.8 0.29002 -0.052165 0.049845 0 0 0
14 0.24969 -0.008173 0.096037 0 0 0
14.2 0.16288 0.10512 -0.016882 0 0 0
14.4 0.13867 0.15547 0.016753 0 0 0
14.6 -0.048691 0.12481 0.099236 0 0 0
14.8 -0.00804 0.1332 0.088936 0 0 0
15 -0.00947 0.10478 0.055805 0 0 0
15.2 -0.024936 0.12981 0.040785 0 0 0
15.4 -0.030724 0.12228 0.16849 0 0 0
15.6 0.13043 -0.020398 0.20494 0 0 0
15.8 0.5476 -0.13006 0.20379 0 0 0
16 0.36271 -0.10352 0.077133 0 0 0
16.2 0.17315 -0.099928 -0.077117 0 0 0
16.4 0.020393 -0.12745 -0.11074 0 0 0
16.6 0.030546 -0.17005 -0.1197 0 0 0
16.8 0.079108 -0.3449 -0.173 0 0 0
17 0.33237 -0.47162 -0.14602 0 0 0
17.2 0.54859 -0.56092 -0.1083 0 0 0
17.4 0.56574 -0.60623 -0.13134 0 0 0
17.6 0.49978 -0.59361 -0.045958 0 0 0
17.8 0.27162 -0.49811 -0.12186 0 0 0
18 0.088176 -0.19873 -0.15949 0 0 0
18.2 0.29701 -0.17891 -0.063449 0 0 0
18.4 0.50846 -0.21612 0.084126 0 0 0
18.6 0.4746 -0.16264 0.13286 0 0 0
18.8 0.16757 -0.012874 0.024951 0 0 0
19 0.072343 0.052908 -0.038244 0 0 0
19.2 0.012047 0.097978 -0.031354 0 0 0
19.4 0.004465 0.12367 -0.015934 0 0 0
19.6 0.096854 0.12811 0.024624 0 0 0
19.8 0.22352 0.057246 0.073624 0 0 0
20 0.22513 0.042264 -0.012777 0 0 0
20.2 0.22895 -0.062667 -0.015605 0 0 0
20.4 0.1915 -0.13112 -0.077967 0 0 0
20.6 0.073145 -0.09319 -0.094045 0 0 0
20.8 0.046391 -0.17047 -0.046476 0 0 0
21 0.14604 -0.25486 -0.08635 0 0 0
21.2 0.43446 -0.44123 -0.099631 0 0 0
21.4 0.43351 -0.48394 -0.16569 0 0 0
21.6 0.42106 -0.43573 -0.081584 0 0 0
21.8 0.40319 -0.36286 -0.030072 0 0 0
22 0.14604 -0.21966 0.068099 0 0 0
22.2 0.065778 -0.10748 0.12585 0 0 0
22.4 0.34913 -0.082026 0.21642 0 0 0
22.6 0.29769 -0.048417 0.20027 0 0 0
22.8 0.003199 0.0358 0.11367 0 0 0
23 0.004331 0.12645 0.095649 0 0 0
23.2 0.1945 0.1127 0.16848 0 0 0
23.4 0.22509 0.095716 0.14916 0 0 0
23.6 -0.012521 0.10988 0.076993 0 0 0
23.8 0.17054 0.019644 0.08662 0 0 0
24 0.24102 -0.023954 0.051838 0 0 0
24.2 0.10431 -0.070702 0.008571 0 0 0
24.4 0.026834 -0.1674 -0.026324 0 0 0
24.6 0.13131 -0.34683 -0.11804 0 0 0
24.8 0.23268 -0.44869 -0.096495 0 0 0
25 0.43611 -0.48329 -0.096398 0 0 0
25.2 0.45645 -0.51051 -0.1698 0 0 0
25.4 0.21426 -0.44747 -0.16116 0 0 0
25.6 0.02639 -0.32297 -0.086774 0 0 0
25.8 0.1254 -0.28763 -0.13193 0 0 0
26 0.39392 -0.3007 0.004346 0 0 0
26.2 0.60211 -0.22891 0.077908 0 0 0
26.4 0.29797 -0.12936 0.024293 0 0 0
26.6 0.17847 -0.09966 -0.066909 0 0 0
26.8 0.23492 -0.11746 -0.091078 0 0 0
27 0.25669 -0.071666 -0.060356 0 0 0
27.2 0.15701 -0.082082 0.096435 0 0 0
27.4 0.061561 -0.032822 -0.0198 0 0 0
27.6 0.12507 -0.10002 -0.050633 0 0 0
27.8 0.34012 -0.19188 -0.1566 0 0 0
28 0.29161 -0.27097 -0.20763 0 0 0
28.2 0.24726 -0.3362 -0.20951 0 0 0
28.4 0.14813 -0.42094 -0.2575 0 0 0
28.6 0.30875 -0.49939 -0.27559 0 0 0
28.8 0.35092 -0.49826 -0.20335 0 0 0
29 0.26067 -0.47599 -0.25853 0 0 0
29.2 0.060413 -0.28537 -0.22822 0 0 0
29.4 0.24073 -0.29501 -0.17685 0 0 0
29.6 0.29158 -0.25639 -0.15154 0 0 0
29.8 0.29518 -0.21918 -0.19873 0 0 0
30 0.48484 -0.1981 -0.020826 0 0 0
30.2 0.55937 -0.15252 0.075669 0 0 0
30.4 0.26798 -0.056002 -0.044819 0 0 0
30.6 0.072656 0.046596 0.099569 0 0 0
30.8 0.042746 0.032441 0.094644 0 0 0
31 0.22919 -0.080822 0.009543 0 0 0
31.2 0.35259 -0.17863 0.049184 0 0 0
31.4 0.40992 -0.16829 -0.022472 0 0 0
31.6 0.21812 -0.17956 -0.087983 0 0 0
31.8 -0.033269 -0.15897 -0.14784 0 0 0
32 0.090413 -0.17944 -0.039709 0 0 0
32.2 0.15382 -0.16282 -0.033879 0 0 0
32.4 0.070913 -0.039908 -0.034427 0 0 0
32.6 0.131 -0.039745 0.043187 0 0 0
32.8 0.18092 0.006746 0.10732 0 0 0
33 0.15729 0.065534 0.17154 0 0 0
33.2 0.007892 0.1516 0.050659 0 0 0
33.4 0.28921 0.15917 0.091274 0 0 0
33.6 0.30607 0.2252 0.15179 0 0 0
33.8 0.14214 0.25182 0.10248 0 0 0
34 0.082386 0.24993 0.021519 0 0 0
34.2 0.002882 0.2915 -0.048179 0 0 0
34.4 0.30752 0.22959 0.052246 0 0 0
34.6 0.46952 0.11323 0.12675 0 0 0
34.8 0.13883 0.12427 -0.048713 0 0 0
35 0.3334 0.008185 -0.014778 0 0 0
35.2 0.40792 -0.094247 -0.005447 0 0 0
35.4 0.10458 -0.079776 -0.10102 0 0 0
35.6 0.03805 -0.072634 -0.34757 0 0 0
35.8 0.002295 -0.080483 -0.3164 0 0 0
36 0.11804 -0.091203 -0.29175 0 0 0
36.2 0.1962 -0.14616 -0.35391 0 0 0
36.4 0.16318 -0.12641 -0.36582 0 0 0
36.6 0.12593 -0.020608 -0.18186 0 0 0
36.8 0.09373 -0.031537 -0.053421 0 0 0
37 0.038651 0.048849 -0.16067 0 0 0
37.2 0.094863 0.050723 -0.1312 0 0 0
37.4 0.30115 -0.033965 -0.086813 0 0 0
37.6 0.18242 0.037972 -0.015446 0 0 0
37.8 0.28195 0.01713 -0.072648 0 0 0
38 0.1493 -0.004764 -0.16989 0 0 0
38.2 0.098159 0.01413 -0.10738 0 0 0
38.4 0.19201 -0.072872 -0.1594 0 0 0
38.6 0.19802 -0.12225 -0.2898 0 0 0
38.8 0.11035 -0.13764 -0.22639 0 0 0
39 0.065177 -0.19678 -0.2979 0 0 0
39.2 0.063093 -0.23933 -0.43077 0 0 0
39.4 0.042702 -0.24962 -0.30098 0 0 0
39.6 0.20871 -0.21489 -0.27324 0 0 0
39.8 0.27713 -0.23882 -0.37285 0 0 0
40 0.44499 -0.19402 -0.20183 0 0 0
40.2 0.2148 -0.096816 -0.19748 0 0 0
40.4 -0.000514 0.015696 -0.11586 0 0 0
40.6 0.07252 0.058666 -0.18713 0 0 0
40.8 0.075422 0.081597 -0.27924 0 0 0
41 0.20706 0.023813 -0.20571 0 0 0
41.2 0.39294 -0.040356 -0.14614 0 0 0
41.4 0.2281 -0.012851 -0.03328 0 0 0
41.6 0.10986 0.035176 -0.056334 0 0 0
41.8 0.6102 -0.15745 -0.0017 0 0 0
42 0.57069 -0.16892 -0.091837 0 0 0
42.2 0.27449 -0.19584 -0.21778 0 0 0
42.4 0.09641 -0.17971 -0.24808 0 0 0
42.6 -0.003418 -0.17639 -0.27956 0 0 0
42.8 0.10858 -0.14813 -0.29546 0 0 0
43 0.3496 -0.13999 -0.18857 0 0 0
43.2 0.34965 -0.053543 -0.12866 0 0 0
43.4 0.37938 0.085984 0.01858 0 0 0
43.6 0.17272 0.14059 0.055813 0 0 0
43.8 0.30833 0.12695 -0.069812 0 0 0
44 0.22675 0.16617 -0.013334 0 0 0
44.2 0.000579 0.20524 0.000462 0 0 0
44.4 0.20726 0.11577 0.070597 0 0 0
44.6 0.20779 0.043343 0.024315 0 0 0
44.8 -0.015844 0.084616 -0.078791 0 0 0
45 0.013412 0.048115 -0.01697 0 0 0
45.2 -0.046268 -0.059716 -0.14542 0 0 0
45.4 0.063543 -0.12584 -0.12173 0 0 0
45.6 0.22966 -0.23936 -0.075512 0 0 0
45.8 0.19496 -0.32837 -0.10692 0 0 0
46 0.002217 -0.1864 -0.10484 0 0 0
46.2 0.15132 -0.14619 -0.033186 0 0 0
46.4 0.37299 -0.1202 0.036515 0 0 0
46.6 0.3326 -0.069263 -0.03493 0 0 0
46.8 0.14485 -0.007267 -0.070797 0 0 0
47 0.20746 0.027787 -0.046508 0 0 0
47.2 0.41663 -0.031788 0.033184 0 0 0
47.4 0.43397 -0.061369 -0.072531 0 0 0
47.6 0.2634 -0.057733 -0.20287 0 0 0
47.8 0.26399 -0.11513 -0.21079 0 0 0
48 0.16183 -0.16461 -0.2407 0 0 0
48.2 0.11099 -0.26166 -0.18442 0 0 0
48.4 0.15761 -0.32737 -0.31 0 0 0
48.6 0.32428 -0.45346 -0.26304 0 0 0
48.8 0.47669 -0.50806 -0.090745 0 0 0
49 0.19734 -0.38807 -0.12852 0 0 0
49.2 0.043188 -0.27792 -0.21283 0 0 0
49.4 0.39265 -0.31379 -0.24379 0 0 0
49.6 0.27189 -0.25294 -0.15233 0 0 0
49.8 0.1507 -0.19599 -0.11587 0 0 0
50 0.19492 -0.1872 -0.11457 0 0 0
50.2 0.2009 -0.12079 -0.12204 0 0 0
50.4 0.35203 -0.15697 -0.1532 0 0 0
50.6 0.22888 -0.15003 -0.26418 0 0 0
50.8 0.25883 -0.22561 -0.23549 0 0 0
51 0.26406 -0.31685 -0.29594 0 0 0
51.2 0.40441 -0.40164 -0.34067 0 0 0
51.4 0.22351 -0.38856 -0.33315 0 0 0
51.6 0.25617 -0.43012 -0.41381 0 0 0
51.8 0.37457 -0.47774 -0.49342 0 0 0
52 0.26098 -0.39699 -0.31583 0 0 0
52.2 0.25287 -0.30436 -0.22945 0 0 0
52.4 0.3768 -0.29556 -0.10957 0 0 0
52.6 0.50209 -0.21742 -0.081903 0 0 0
52.8 0.16989 -0.002566 -0.12049 0 0 0
53 -0.030873 0.088087 0.064003 0 0 0
53.2 0.016941 0.10821 -0.018053 0 0 0
53.4 0.16232 0.060846 -0.10286 0 0 0
53.6 0.36977 0.006793 0.057016 0 0 0
53.8 0.41182 0.007811 0.057145 0 0 0
54 0.24815 -0.035079 -0.014252 0 0 0
54.2 0.14349 -0.097247 -0.089799 0 0 0
54.4 -0.006502 -0.12918 -0.19397 0 0 0
54.6 0.18442 -0.24294 -0.11487 0 0 0
54.8 0.15407 -0.25293 -0.020994 0 0 0
55 -0.027931 -0.087106 0.008251 0 0 0
55.2 0.15134 0.016379 0.062805 0 0 0
55.4 0.18571 0.028083 0.053025 0 0 0
55.6 0.47875 -0.00381 0.064128 0 0 0
55.8 0.39727 0.028643 0.21472 0 0 0
56 -0.022768 0.074917 0.11303 0 0 0
56.2 0.083113 0.15576 0.15116 0 0 0
56.4 0.45481 0.080929 0.29678 0 0 0
56.6 0.19582 0.06179 0.10924 0 0 0
56.8 0.31903 -0.031715 0.030414 0 0 0
57 0.1997 -0.071256 -0.010156 0 0 0
57.2 0.082663 -0.082731 -0.10643 0 0 0
57.4 0.014302 -0.10262 -0.22609 0 0 0
57.6 0.15048 -0.23975 -0.073488 0 0 0
57.8 0.27142 -0.33313 -0.19817 0 0 0
58 0.072239 -0.22506 -0.11599 0 0 0
58.2 0.19081 -0.22125 -0.051805 0 0 0
58.4 0.3793 -0.095185 -0.044594 0 0 0
58.6 0.37777 -0.06439 -0.035519 0 0 0
58.8 0.17374 -0.0435 -0.074085 0 0 0
59 0.25852 -0.06235 -0.18593 0 0 0
59.2 0.31674 -0.03116 -0.14437 0 0 0
59.4 0.12606 0.003668 -0.055166 0 0 0
59.6 0.17589 -0.038436 -0.055696 0 0 0
59.8 0.49777 -0.12917 0.005298 0 0 0
60 0.36845 -0.1548 -0.14444 0 0 0
60.2 0.27342 -0.21117 -0.27707 0 0 0
60.4 0.048967 -0.19886 -0.27706 0 0 0
60.6 0.095018 -0.30959 -0.34967 0 0 0
60.8 0.1316 -0.35632 -0.38809 0 0 0
61 -0.00024 -0.22106 -0.2939 0 0 0
61.2 0.20497 -0.18598 -0.34754 0 0 0
61.4 0.39865 -0.19875 -0.13667 0 0 0
61.6 0.36341 -0.11003 -0.27663 0 0 0
61.8 0.26379 -0.04115 -0.32504 0 0 0
62 0.5719 -0.11152 -0.02012 0 0 0
62.2 0.26447 0.017348 -0.16811 0 0 0
62.4 0.11519 0.035699 -0.22127 0 0 0
62.6 0.24369 -0.080193 -0.11858 0 0 0
62.8 0.47168 -0.18373 -0.15732 0 0 0
63 0.26895 -0.19715 -0.28644 0 0 0
63.2 0.093848 -0.21997 -0.22599 0 0 0
63.4 0.083941 -0.30091 -0.3251 0 0 0
63.6 0.18381 -0.40296 -0.29182 0 0 0
63.8 0.053376 -0.28449 -0.15845 0 0 0
64 0.09809 -0.20528 -0.2866 0 0 0
64.2 0.22756 -0.18214 -0.11566 0 0 0
64.4 0.22127 -0.056016 -0.071605 0 0 0
64.6 0.09858 0.011467 -0.13737 0 0 0
64.8 0.30229 -0.005608 -0.25046 0 0 0
65 0.053336 0.085079 -0.25439 0 0 0
65.2 -0.050526 0.12156 -0.056787 0 0 0
65.4 0.14184 0.04658 -0.22993 0 0 0
65.6 0.36904 0.093776 -0.14217 0 0 0
65.8 0.1432 0.081246 -0.034797 0 0 0
66 0.17052 -0.01679 -0.076415 0 0 0
66.2 0.068802 -0.056211 -0.080966 0 0 0
66.4 -0.12958 -0.015698 0.097405 0 0 0
66.6 -0.011998 -0.097076 0.029397 0 0 0
66.8 -0.059618 -0.15135 -0.01783 0 0 0
67 -0.025808 -0.079407 0.003663 0 0 0
67.2 0.25194 -0.074056 0.10533 0 0 0
67.4 0.39966 -0.11788 -0.11748 0 0 0
67.6 0.051082 0.003718 -0.034925 0 0 0
67.8 0.21496 -0.012945 0.17782 0 0 0
68 0.38379 0.006614 0.17472 0 0 0
68.2 0.13247 0.078699 0.16027 0 0 0
68.4 -0.03847 0.074567 0.041386 0 0 0
68.6 0.076831 0.043308 -0.001585 0 0 0
68.8 0.43789 -0.053643 0.02126 0 0 0
69 0.42813 -0.059034 -0.018676 0 0 0
69.2 0.24367 -0.066869 0.026157 0 0 0
69.4 0.045486 -0.11521 -0.073488 0 0 0
69.6 0.10909 -0.27214 -0.10216 0 0 0
69.8 0.30003 -0.32867 -0.21099 0 0 0
70 0.24503 -0.46036 -0.17004 0 0 0
70.2 0.21663 -0.48293 -0.066227 0 0 0
70.4 0.17471 -0.38991 -0.10511 0 0 0
70.6 0.3583 -0.33167 -0.13685 0 0 0
70.8 0.29345 -0.23155 -0.043708 0 0 0
71 0.18169 -0.16414 -0.13921 0 0 0
71.2 0.25097 -0.16756 -0.085443 0 0 0
71.4 0.26024 -0.1744 -0.074311 0 0 0
71.6 0.29537 -0.19242 -0.041918 0 0 0
71.8 0.49134 -0.21258 -0.048701 0 0 0
72 0.41345 -0.25261 -0.12336 0 0 0
72.2 0.4072 -0.33889 -0.017007 0 0 0
72.4 0.16997 -0.3092 -0.19796 0 0 0
72.6 0.016496 -0.31625 -0.20363 0 0 0
72.8 0.14086 -0.41645 -0.26799 0 0 0
73 0.35414 -0.57982 -0.2808 0 0 0
73.2 0.13199 -0.44696 -0.18582 0 0 0
73.4 0.20557 -0.35418 -0.25848 0 0 0
73.6 0.46845 -0.40065 -0.19655 0 0 0
73.8 0.43215 -0.31502 -0.061704 0 0 0
74 0.16255 -0.18858 -0.14533 0 0 0
74.2 0.14953 -0.070815 -0.03238 0 0 0
74.4 0.16775 -0.0447 0.035788 0 0 0
74.6 -0.02658 0.049595 -0.15558 0 0 0
74.8 0.047127 0.016163 -0.092752 0 0 0
75 0.23265 -0.13134 -0.084912 0 0 0
75.2 0.29462 -0.1318 -0.066751 0 0 0
75.4 0.1959 -0.089513 0.07812 0 0 0
75.6 0.011525 -0.104 0.077748 0 0 0
75.8 -0.067314 -0.17295 -0.001651 0 0 0
76 0.03996 -0.036067 -0.046277 0 0 0
76.2 0.25551 -0.013971 0.043246 0 0 0
76.4 0.070261 0.06044 0.099396 0 0 0
76.6 0.15269 0.06699 0.071164 0 0 0
76.8 0.18468 0.11814 0.13535 0 0 0
77 -0.033846 0.19557 0.15709 0 0 0
77.2 -0.037409 0.25723 0.20394 0 0 0
77.4 -0.027456 0.18517 0.19445 0 0 0
77.6 0.082408 0.12807 0.20591 0 0 0
77.8 0.44816 0.042086 0.17935 0 0 0
78 0.23972 0.060964 0.18447 0 0 0
78.2 0.069575 -0.00749 0.00119 0 0 0
78.4 -0.028518 -0.035069 -0.024798 0 0 0
78.6 0.010598 -0.14666 0.15324 0 0 0
78.8 0.18143 -0.30485 -0.014167 0 0 0
79 0.15109 -0.33699 -0.091234 0 0 0
79.2 0.062107 -0.23618 -0.054222 0 0 0
79.4 -0.034321 -0.15479 0.14217 0 0 0
79.6 0.13052 -0.13332 0.24685 0 0 0
79.8 0.24096 -0.074225 0.10601 0 0 0
80 0.20575 -0.062952 0.14213 0 0 0
80.2 0.34499 -0.040608 0.096716 0 0 0
80.4 0.34717 0.025311 0.003698 0 0 0
80.6 0.28295 0.03953 0.019637 0 0 0
80.8 0.43953 -0.059759 -0.004363 0 0 0
81 0.45594 -0.084569 0.01495 0 0 0
81.2 0.39996 -0.11958 0.010367 0 0 0
81.4 0.17875 -0.16731 0.008201 0 0 0
81.6 0.22517 -0.35036 -0.012305 0 0 0
81.8 0.2548 -0.48786 -0.026158 0 0 0
82 0.31553 -0.46868 -0.006928 0 0 0
82.2 0.10985 -0.40258 -0.062601 0 0 0
82.4 0.011002 -0.23319 -0.059869 0 0 0
82.6 0.06933 -0.18857 -0.093048 0 0 0
82.8 0.44165 -0.21893 0.003194 0 0 0
83 0.683 -0.20795 0.17366 0 0 0
83.2 0.46309 -0.13101 0.1426 0 0 0
83.4 0.37621 -0.088144 0.15339 0 0 0
83.6 0.19862 0.008756 0.11962 0 0 0
83.8 0.38641 -0.1126 0.022986 0 0 0
84 0.42656 -0.21415 -0.016012 0 0 0
84.2 0.47227 -0.26612 -0.024959 0 0 0
84.4 0.28683 -0.3446 -0.023062 0 0 0
84.6 0.18069 -0.42188 -0.073491 0 0 0
84.8 0.35593 -0.54178 -0.17533 0 0 0
85 0.54712 -0.58338 -0.12526 0 0 0
85.2 0.38753 -0.54216 -0.061188 0 0 0
85.4 0.19502 -0.46778 -0.056816 0 0 0
85.6 0.20094 -0.3338 0.020794 0 0 0
85.8 0.36539 -0.28728 0.18627 0 0 0
86 0.25908 -0.18367 0.19483 0 0 0
86.2 0.35206 -0.13192 0.15215 0 0 0
86.4 0.30338 -0.046961 0.24303 0 0 0
86.6 0.31243 -0.016895 0.28654 0 0 0
86.8 0.49786 -0.03757 0.3489 0 0 0
87 0.54246 -0.085607 0.24426 0 0 0
87.2 0.42151 -0.14261 0.27662 0 0 0
87.4 0.21885 -0.12648 0.38462 0 0 0
87.6 0.089968 -0.1 0.30416 0 0 0
87.8 0.003853 -0.11104 0.13556 0 0 0
88 0.21719 -0.28091 0.081386 0 0 0
88.2 0.28772 -0.29373 0.022163 0 0 0
88.4 0.36815 -0.34221 0.10304 0 0 0
88.6 0.1933 -0.27953 0.14052 0 0 0
88.8 0.44152 -0.26097 0.24271 0 0 0
89 0.45374 -0.17159 0.31828 0 0 0
89.2 0.39073 -0.14175 0.40075 0 0 0
89.4 0.38172 -0.14413 0.45538 0 0 0
89.6 0.52747 -0.072963 0.3416 0 0 0
89.8 0.71128 -0.13301 0.375 0 0 0
90 0.55412 -0.019234 0.29875 0 0 0
90.2 0.19237 0.18502 0.18256 0 0 0
90.4 0.30151 0.13728 0.20542 0 0 0
90.6 0.44648 0.022503 0.27246 0 0 0
90.8 0.43158 -0.006647 0.24672 0 0 0
91 0.1351 -0.020653 0.045631 0 0 0
91.2 0.21644 -0.16143 0.034342 0 0 0
91.4 0.42438 -0.27404 0.19418 0 0 0
91.6 0.58375 -0.37253 0.19267 0 0 0
91.8 0.40036 -0.34077 0.17726 0 0 0
92 0.099798 -0.26062 0.16255 0 0 0
92.2 0.23543 -0.25713 0.2144 0 0 0
92.4 0.36456 -0.20371 0.23275 0 0 0
92.6 0.45707 -0.21055 0.29246 0 0 0
92.8 0.37168 -0.13411 0.23969 0 0 0
93 0.14406 -0.11417 0.17541 0 0 0
93.2 0.1026 -0.059565 0.14036 0 0 0
93.4 0.17099 -0.053306 0.075259 0 0 0
93.6 0.43566 -0.1872 0.11023 0 0 0
93.8 0.28228 -0.23629 0.01027 0 0 0
94 0.44944 -0.26704 -0.062442 0 0 0
94.2 0.099991 -0.22604 -0.10764 0 0 0
94.4 0.029305 -0.33496 -0.098557 0 0 0
94.6 0.1985 -0.52268 -0.008516 0 0 0
94.8 0.45967 -0.68545 0.01828 0 0 0
95 0.45751 -0.65001 0.008917 0 0 0
95.2 0.27348 -0.52815 -0.048838 0 0 0
95.4 0.3582 -0.42472 -0.022712 0 0 0
95.6 0.51541 -0.37125 0.048281 0 0 0
95.8 0.36095 -0.3296 0.1461 0 0 0
96 0.33608 -0.31654 0.13478 0 0 0
96.2 0.36623 -0.24621 0.13098 0 0 0
96.4 0.41018 -0.23253 0.031181 0 0 0
96.6 0.41201 -0.21584 0.085179 0 0 0
96.8 0.37755 -0.21873 0.092972 0 0 0
97 0.394 -0.27604 0.054183 0 0 0
97.2 0.4378 -0.29326 -0.026188 0 0 0
97.4 0.50078 -0.34443 -0.073105 0 0 0
97.6 0.52538 -0.41115 -0.12725 0 0 0
97.8 0.461 -0.47151 -0.12296 0 0 0
98 0.41391 -0.51969 -0.049403 0 0 0
98.2 0.35791 -0.47805 -0.018353 0 0 0
98.4 0.38292 -0.42212 -0.024591 0 0 0
98.6 0.4217 -0.35279 -0.020427 0 0 0
98.8 0.43066 -0.24638 -0.12463 0 0 0
99 0.46985 -0.26721 -0.056354 0 0 0
99.2 0.50399 -0.22206 0.065642 0 0 0
99.4 0.4962 -0.21633 -0.020666 0 0 0
99.6 0.48758 -0.17204 0.049637 0 0 0
99.8 0.46939 -0.17489 -0.013743 0 0 0
100 0.43904 -0.19334 -0.029324 0 0 0
100.2 0.42089 -0.19636 -0.043277 0 0 0
100.4 0.42609 -0.16494 -0.058237 0 0 0
100.6 0.44167 -0.21636 -0.12782 0 0 0
100.8 0.43849 -0.29325 -0.087456 0 0 0
101 0.47305 -0.38561 -0.16347 0 0 0
101.2 0.43158 -0.51697 -0.28553 0 0 0
101.4 0.45335 -0.57681 -0.21706 0 0 0
101.6 0.46469 -0.589 -0.27886 0 0 0
101.8 0.41656 -0.63982 -0.21904 0 0 0
102 0.42873 -0.57054 -0.18312 0 0 0
102.2 0.41427 -0.49504 -0.1678 0 0 0
102.4 0.41181 -0.44211 -0.19813 0 0 0
102.6 0.45164 -0.44719 -0.065972 0 0 0
102.8 0.46039 -0.37444 -0.049112 0 0 0
103 0.46137 -0.39425 -0.070003 0 0 0
103.2 0.42055 -0.35518 0.021165 0 0 0
103.4 0.44054 -0.31459 -0.17286 0 0 0
103.6 0.4762 -0.33016 -0.22945 0 0 0
103.8 0.4492 -0.36656 -0.060694 0 0 0
104 0.39942 -0.40458 -0.13592 0 0 0
104.2 0.38846 -0.46816 -0.1698 0 0 0
104.4 0.34544 -0.50941 -0.20909 0 0 0
104.6 0.46408 -0.56934 -0.14729 0 0 0
104.8 0.45935 -0.57692 -0.21051 0 0 0
105 0.35268 -0.6047 -0.21082 0 0 0
105.2 0.40195 -0.74636 -0.26574 0 0 0
105.4 0.40648 -0.75947 -0.14637 0 0 0
105.6 0.4092 -0.67069 -0.093294 0 0 0
105.8 0.42712 -0.60309 -0.13287 0 0 0
106 0.40537 -0.55481 -0.092519 0 0 0
106.2 0.40916 -0.52165 -0.11476 0 0 0
106.4 0.41849 -0.49433 -0.035423 0 0 0
106.6 0.4452 -0.45459 -0.00148 0 0 0
106.8 0.47843 -0.455 -0.14539 0 0 0
107 0.51279 -0.42855 -0.11503 0 0 0
107.2 0.55032 -0.41322 -0.1139 0 0 0
107.4 0.53491 -0.40862 -0.14711 0 0 0
107.6 0.54149 -0.4217 -0.051044 0 0 0
107.8 0.56716 -0.43001 -0.14528 0 0 0
108 0.56538 -0.40969 -0.1342 0 0 0
108.2 0.53277 -0.49871 -0.14168 0 0 0
108.4 0.55515 -0.58972 -0.16858 0 0 0
108.6 0.61394 -0.581 -0.23062 0 0 0
108.8 0.47121 -0.66827 -0.25709 0 0 0
109 0.43102 -0.74152 -0.3067 0 0 0
109.2 0.58053 -0.61756 -0.2367 0 0 0
109.4 0.64105 -0.58938 -0.21581 0 0 0
109.6 0.58607 -0.54723 -0.16588 0 0 0
109.8 0.56166 -0.42848 -0.19492 0 0 0
110 0.54291 -0.34293 -0.11236 0 0 0
110.2 0.55256 -0.34145 -0.11609 0 0 0
110.4 0.54973 -0.33898 -0.21522 0 0 0
110.6 0.59568 -0.3372 -0.16325 0 0 0
110.8 0.5886 -0.37066 -0.079022 0 0 0
111 0.58026 -0.3611 -0.14059 0 0 0
111.2 0.57647 -0.39105 -0.15916 0 0 0
111.4 0.52517 -0.49971 -0.27664 0 0 0
111.6 0.45067 -0.58535 -0.26909 0 0 0
111.8 0.34928 -0.58596 -0.23922 0 0 0
112 0.4021 -0.5879 -0.19635 0 0 0
112.2 0.5002 -0.57379 -0.019772 0 0 0
112.4 0.53451 -0.56583 -0.089158 0 0 0
112.6 0.51591 -0.50231 -0.094966 0 0 0
112.8 0.47621 -0.47501 -0.04712 0 0 0
113 0.52067 -0.53318 -0.13117 0 0 0
113.2 0.5416 -0.51008 -0.10289 0 0 0
113.4 0.54469 -0.49003 0.015907 0 0 0
113.6 0.5298 -0.45151 0.038949 0 0 0
113.8 0.53319 -0.53319 -0.023183 0 0 0
114 0.52851 -0.58185 -0.033033 0 0 0
114.2 0.5382 -0.62433 -0.10651 0 0 0
114.4 0.52742 -0.59405 -0.14637 0 0 0
114.6 0.43863 -0.57351 -0.19058 0 0 0
114.8 0.45222 -0.6491 -0.31898 0 0 0
115 0.50087 -0.6648 -0.18438 0 0 0
115.2 0.52224 -0.60064 -0.10363 0 0 0
115.4 0.56885 -0.53938 -0.11542 0 0 0
115.6 0.55727 -0.47276 -0.072903 0 0 0
115.8 0.55941 -0.43819 -0.072204 0 0 0
116 0.5186 -0.43229 -0.19909 0 0 0
116.2 0.52587 -0.37861 -0.20122 0 0 0
116.4 0.52346 -0.33838 0.002617 0 0 0
116.6 0.53882 -0.36853 0.01358 0 0 0
116.8 0.57355 -0.41389 -0.096869 0 0 0
117 0.61042 -0.4677 -0.19226 0 0 0
117.2 0.64335 -0.52297 -0.10003 0 0 0
117.4 0.62403 -0.54303 -0.14559 0 0 0
117.6 0.59031 -0.65317 -0.32334 0 0 0
117.8 0.5613 -0.66677 -0.3827 0 0 0
118 0.56538 -0.66744 -0.38158 0 0 0
118.2 0.5662 -0.6018 -0.36214 0 0 0
118.4 0.60249 -0.56145 -0.24609 0 0 0
118.6 0.60576 -0.58673 -0.26569 0 0 0
118.8 0.58777 -0.53 -0.26238 0 0 0
119 0.58968 -0.42541 -0.25322 0 0 0
119.2 0.61189 -0.45218 -0.27816 0 0 0
119.4 0.59034 -0.48035 -0.32546 0 0 0
119.6 0.63547 -0.41395 -0.20395 0 0 0
119.8 0.65133 -0.34069 -0.14008 0 0 0
120 0.61795 -0.38705 -0.1159 0 0 0
120.2 0.61836 -0.49253 -0.26424 0 0 0
120.4 0.56148 -0.53482 -0.38534 0 0 0
120.6 0.55595 -0.53861 -0.37477 0 0 0
120.8 0.49221 -0.60626 -0.3701 0 0 0
121 0.50613 -0.64944 -0.52552 0 0 0
121.2 0.52341 -0.62807 -0.36741 0 0 0
121.4 0.56956 -0.53649 -0.26521 0 0 0
121.6 0.61747 -0.58721 -0.23654 0 0 0
121.8 0.56826 -0.59147 -0.26613 0 0 0
122 0.50284 -0.48922 -0.081616 0 0 0
122.2 0.51424 -0.39753 -0.16931 0 0 0
122.4 0.59776 -0.45274 -0.3023 0 0 0
122.6 0.53505 -0.41427 -0.30477 0 0 0
122.8 0.50356 -0.40613 -0.23626 0 0 0
123 0.53099 -0.47702 -0.25732 0 0 0
123.2 0.54434 -0.5481 -0.38312 0 0 0
123.4 0.56051 -0.54578 -0.26502 0 0 0
123.6 0.61903 -0.51566 -0.32317 0 0 0
123.8 0.57251 -0.58383 -0.34984 0 0 0
124 0.54706 -0.68739 -0.33211 0 0 0
124.2 0.57728 -0.69953 -0.29792 0 0 0
124.4 0.62278 -0.6518 -0.30047 0 0 0
124.6 0.60015 -0.59289 -0.26209 0 0 0
124.8 0.55607 -0.52437 -0.1316 0 0 0
125 0.55471 -0.47602 -0.082404 0 0 0
125.2 0.53468 -0.4483 -0.11519 0 0 0
125.4 0.50172 -0.41884 -0.12775 0 0 0
125.6 0.55175 -0.35583 -0.070643 0 0 0
125.8 0.55985 -0.36059 -0.13947 0 0 0
126 0.56516 -0.47588 -0.22471 0 0 0
126.2 0.58899 -0.55786 -0.22756 0 0 0
126.4 0.61005 -0.5673 -0.23088 0 0 0
126.6 0.58563 -0.57347 -0.22407 0 0 0
126.8 0.48909 -0.51917 -0.23911 0 0 0
127 0.54907 -0.63625 -0.26482 0 0 0
127.2 0.60884 -0.71402 -0.28577 0 0 0
127.4 0.60453 -0.56877 -0.24091 0 0 0
127.6 0.62696 -0.52396 -0.21685 0 0 0
127.8 0.56027 -0.46481 -0.17655 0 0 0
128 0.57102 -0.43324 -0.13365 0 0 0
128.2 0.55336 -0.42534 -0.087345 0 0 0
128.4 0.5428 -0.40276 -0.25399 0 0 0
128.6 0.58422 -0.36439 -0.094473 0 0 0
128.8 0.61889 -0.41354 -0.065235 0 0 0
129 0.59511 -0.44783 -0.12601 0 0 0
129.2 0.56563 -0.5009 -0.16374 0 0 0
129.4 0.58646 -0.52647 -0.296 0 0 0
129.6 0.63515 -0.61794 -0.35725 0 0 0
129.8 0.67999 -0.59776 -0.30056 0 0 0
130 0.65048 -0.6506 -0.2875 0 0 0
130.2 0.54576 -0.70436 -0.30604 0 0 0
130.4 0.59342 -0.64475 -0.20821 0 0 0
130.6 0.63367 -0.58535 -0.22424 0 0 0
130.8 0.56971 -0.54804 -0.37083 0 0 0
131 0.56728 -0.49165 -0.29599 0 0 0
131.2 0.59793 -0.44967 -0.19635 0 0 0
131.4 0.58057 -0.47221 -0.16449 0 0 0
131.6 0.56423 -0.43117 -0.10775 0 0 0
131.8 0.56673 -0.388 -0.20458 0 0 0
132 0.55043 -0.39464 -0.27845 0 0 0
132.2 0.5693 -0.46995 -0.20999 0 0 0
132.4 0.62998 -0.50532 -0.24017 0 0 0
132.6 0.57132 -0.54614 -0.27441 0 0 0
132.8 0.59989 -0.60961 -0.31667 0 0 0
133 0.59536 -0.63249 -0.37044 0 0 0
133.2 0.48745 -0.65707 -0.3931 0 0 0
133.4 0.5076 -0.59537 -0.33126 0 0 0
133.6 0.64411 -0.60115 -0.3075 0 0 0
133.8 0.61082 -0.61235 -0.27693 0 0 0
134 0.58252 -0.5057 -0.23565 0 0 0
134.2 0.62584 -0.43436 -0.081193 0 0 0
134.4 0.62925 -0.49026 -0.12455 0 0 0
134.6 0.57829 -0.41251 -0.22955 0 0 0
134.8 0.57615 -0.42052 -0.1946 0 0 0
135 0.57388 -0.37883 -0.16847 0 0 0
135.2 0.55962 -0.4391 -0.17927 0 0 0
135.4 0.53482 -0.49595 -0.20027 0 0 0
135.6 0.56399 -0.48718 -0.25132 0 0 0
135.8 0.65449 -0.55791 -0.35964 0 0 0
136 0.63361 -0.54567 -0.3802 0 0 0
136.2 0.58337 -0.54447 -0.31539 0 0 0
136.4 0.61377 -0.65319 -0.38473 0 0 0
136.6 0.67804 -0.62687 -0.26309 0 0 0
136.8 0.69648 -0.54788 -0.24229 0 0 0
137 0.60663 -0.43422 -0.30769 0 0 0
137.2 0.61779 -0.45158 -0.28272 0 0 0
137.4 0.58864 -0.35595 -0.25783 0 0 0
137.6 0.56415 -0.3232 -0.25374 0 0 0
137.8 0.60681 -0.34139 -0.14824 0 0 0
138 0.56035 -0.42755 -0.20599 0 0 0
138.2 0.56927 -0.39433 -0.27747 0 0 0
138.4 0.59942 -0.40224 -0.21556 0 0 0
138.6 0.60589 -0.41558 -0.28489 0 0 0
138.8 0.66819 -0.42738 -0.27781 0 0 0
139 0.64744 -0.41325 -0.22662 0 0 0
139.2 0.6375 -0.40736 -0.26157 0 0 0
139.4 0.69138 -0.39871 -0.26166 0 0 0
139.6 0.68812 -0.40688 -0.26773 0 0 0
139.8 0.67142 -0.34213 -0.19652 0 0 0
140 0.66925 -0.27255 -0.26788 0 0 0
140.2 0.69398 -0.29679 -0.2076 0 0 0
140.4 0.63225 -0.2621 -0.2074 0 0 0
140.6 0.63359 -0.21883 -0.27655 0 0 0
140.8 0.58563 -0.22629 -0.30213 0 0 0
141 0.61409 -0.26584 -0.27312 0 0 0
141.2 0.63421 -0.33647 -0.24468 0 0 0
141.4 0.60353 -0.34264 -0.26621 0 0 0
141.6 0.71179 -0.35865 -0.30184 0 0 0
141.8 0.71759 -0.39326 -0.36525 0 0 0
142 0.65367 -0.40965 -0.39498 0 0 0
142.2 0.63937 -0.47938 -0.33804 0 0 0
142.4 0.6295 -0.45787 -0.29673 0 0 0
142.6 0.63924 -0.42645 -0.25055 0 0 0
142.8 0.60303 -0.37982 -0.22093 0 0 0
143 0.63036 -0.3406 -0.24542 0 0 0
143.2 0.68119 -0.23156 -0.22126 0 0 0
143.4 0.67339 -0.17351 -0.16137 0 0 0
143.6 0.63938 -0.167 -0.16346 0 0 0
143.8 0.63135 -0.18486 -0.18532 0 0 0
144 0.66493 -0.19499 -0.18805 0 0 0
144.2 0.68175 -0.22637 -0.32532 0 0 0
144.4 0.64396 -0.30794 -0.40523 0 0 0
144.6 0.67186 -0.34549 -0.45397 0 0 0
144.8 0.71091 -0.32335 -0.42138 0 0 0
145 0.65321 -0.34915 -0.49413 0 0 0
145.2 0.61523 -0.34888 -0.51341 0 0 0
145.4 0.71928 -0.32841 -0.46121 0 0 0
145.6 0.74701 -0.33908 -0.40419 0 0 0
145.8 0.67284 -0.29172 -0.39415 0 0 0
146 0.66631 -0.21461 -0.43295 0 0 0
146.2 0.63009 -0.21946 -0.42709 0 0 0
146.4 0.66724 -0.15268 -0.43259 0 0 0
146.6 0.71487 -0.1593 -0.38667 0 0 0
146.8 0.702 -0.14566 -0.26242 0 0 0
147 0.70882 -0.21993 -0.36497 0 0 0
147.2 0.66933 -0.29772 -0.48273 0 0 0
147.4 0.65284 -0.33477 -0.48469 0 0 0
147.6 0.70778 -0.40501 -0.5127 0 0 0
147.8 0.73081 -0.43948 -0.61596 0 0 0
148 0.60165 -0.45938 -0.69429 0 0 0
148.2 0.63294 -0.43645 -0.63021 0 0 0
148.4 0.7141 -0.42208 -0.53356 0 0 0
148.6 0.66903 -0.40296 -0.5528 0 0 0
148.8 0.63365 -0.35959 -0.55156 0 0 0
149 0.59769 -0.28175 -0.47099 0 0 0
149.2 0.62397 -0.23261 -0.46068 0 0 0
149.4 0.60659 -0.277 -0.54641 0 0 0
149.6 0.66563 -0.26992 -0.39922 0 0 0
149.8 0.65593 -0.27137 -0.48868 0 0 0
150 0.66817 -0.30567 -0.48366 0 0 0
150.2 0.66396 -0.32274 -0.38655 0 0 0
150.4 0.64229 -0.37551 -0.49227 0 0 0
150.6 0.77543 -0.43541 -0.5114 0 0 0
150.8 0.72452 -0.48441 -0.57423 0 0 0
151 0.66731 -0.51583 -0.58951 0 0 0
151.2 0.73598 -0.44673 -0.44886 0 0 0
151.4 0.73414 -0.37395 -0.46888 0 0 0
151.6 0.7405 -0.39349 -0.4504 0 0 0
151.8 0.7457 -0.3562 -0.44175 0 0 0
152 0.73317 -0.32979 -0.50075 0 0 0
152.2 0.81249 -0.23226 -0.42532 0 0 0
152.4 0.80172 -0.2095 -0.32453 0 0 0
152.6 0.77617 -0.24176 -0.30033 0 0 0
152.8 0.72393 -0.35382 -0.38882 0 0 0
153 0.70469 -0.41825 -0.44638 0 0 0
153.2 0.76371 -0.48641 -0.48569 0 0 0
153.4 0.80255 -0.58156 -0.46501 0 0 0
153.6 0.7688 -0.56569 -0.48381 0 0 0
153.8 0.72837 -0.65755 -0.46125 0 0 0
154 0.72206 -0.71001 -0.49376 0 0 0
154.2 0.76899 -0.65095 -0.45226 0 0 0
154.4 0.74258 -0.56527 -0.44009 0 0 0
154.6 0.69871 -0.49447 -0.29429 0 0 0
154.8 0.72592 -0.44594 -0.29361 0 0 0
155 0.75011 -0.44686 -0.30934 0 0 0
155.2 0.75582 -0.41839 -0.21911 0 0 0
155.4 0.76736 -0.40041 -0.20005 0 0 0
155.6 0.73982 -0.44388 -0.3014 0 0 0
155.8 0.70402 -0.52281 -0.30159 0 0 0
156 0.74231 -0.62059 -0.35066 0 0 0
156.2 0.77061 -0.66883 -0.36278 0 0 0
156.4 0.77637 -0.70768 -0.39165 0 0 0
156.6 0.67593 -0.79192 -0.48832 0 0 0
156.8 0.67077 -0.89311 -0.66099 0 0 0
157 0.65875 -0.79783 -0.44096 0 0 0
157.2 0.70076 -0.75438 -0.42273 0 0 0
157.4 0.67081 -0.66264 -0.50993 0 0 0
157.6 0.70401 -0.583 -0.40851 0 0 0
157.8 0.70234 -0.5514 -0.30714 0 0 0
158 0.70762 -0.54637 -0.20095 0 0 0
158.2 0.67472 -0.55344 -0.29761 0 0 0
158.4 0.65535 -0.57 -0.57525 0 0 0
158.6 0.64088 -0.654 -0.50723 0 0 0
158.8 0.66917 -0.63493 -0.30302 0 0 0
159 0.67152 -0.69025 -0.37381 0 0 0
159.2 0.66539 -0.69798 -0.51406 0 0 0
159.4 0.72575 -0.7837 -0.49381 0 0 0
159.6 0.63868 -0.82195 -0.55833 0 0 0
159.8 0.6424 -0.86365 -0.48032 0 0 0
160 0.65953 -0.90026 -0.50214 0 0 0
160.2 0.72199 -0.8555 -0.31308 0 0 0
160.4 0.75733 -0.79863 -0.26231 0 0 0
160.6 0.66515 -0.77697 -0.39265 0 0 0
160.8 0.61687 -0.71136 -0.37207 0 0 0
161 0.6269 -0.63595 -0.39397 0 0 0
161.2 0.69028 -0.58597 -0.37532 0 0 0
161.4 0.6866 -0.52853 -0.41357 0 0 0
161.6 0.63842 -0.50287 -0.43508 0 0 0
161.8 0.64265 -0.56807 -0.47774 0 0 0
162 0.6435 -0.60132 -0.35012 0 0 0
162.2 0.59799 -0.67009 -0.38996 0 0 0
162.4 0.69297 -0.69753 -0.35631 0 0 0
162.6 0.64379 -0.71359 -0.44183 0 0 0
162.8 0.62476 -0.8328 -0.5134 0 0 0
163 0.63687 -0.88008 -0.52606 0 0 0
163.2 0.58614 -0.83086 -0.59114 0 0 0
163.4 0.61114 -0.77812 -0.47785 0 0 0
163.6 0.66468 -0.6708 -0.35771 0 0 0
163.8 0.63914 -0.63572 -0.36832 0 0 0
164 0.64923 -0.60145 -0.33524 0 0 0
164.2 0.68777 -0.6518 -0.30636 0 0 0
164.4 0.68197 -0.5346 -0.32308 0 0 0
164.6 0.65878 -0.54905 -0.39587 0 0 0
164.8 0.60862 -0.60166 -0.32308 0 0 0
165 0.65961 -0.6954 -0.3721 0 0 0
165.2 0.64604 -0.73059 -0.48167 0 0 0
165.4 0.52324 -0.7991 -0.5284 0 0 0
165.6 0.58295 -0.90479 -0.52217 0 0 0
165.8 0.57833 -0.91621 -0.54737 0 0 0
166 0.61815 -0.98144 -0.56607 0 0 0
166.2 0.6596 -1.0068 -0.62189 0 0 0
166.4 0.65253 -0.88335 -0.47732 0 0 0
166.6 0.65901 -0.78535 -0.37832 0 0 0
166.8 0.68678 -0.77976 -0.43391 0 0 0
167 0.6721 -0.72617 -0.40528 0 0 0
167.2 0.63399 -0.54739 -0.46408 0 0 0
167.4 0.63881 -0.55411 -0.44793 0 0 0
167.6 0.62906 -0.564 -0.24763 0 0 0
167.8 0.68446 -0.51102 -0.13532 0 0 0
168 0.66823 -0.60244 -0.26415 0 0 0
168.2 0.63193 -0.65305 -0.38412 0 0 0
168.4 0.6646 -0.7489 -0.36807 0 0 0
168.6 0.62471 -0.77225 -0.45073 0 0 0
168.8 0.64839 -0.79639 -0.48355 0 0 0
169 0.60862 -0.90758 -0.51696 0 0 0
169.2 0.60163 -0.87939 -0.46193 0 0 0
169.4 0.59823 -0.81762 -0.44191 0 0 0
169.6 0.6357 -0.79319 -0.47467 0 0 0
169.8 0.62806 -0.7766 -0.48589 0 0 0
170 0.66757 -0.71067 -0.40475 0 0 0
170.2 0.64975 -0.6592 -0.22753 0 0 0
170.4 0.62521 -0.59481 -0.21388 0 0 0
170.6 0.61081 -0.55158 -0.28542 0 0 0
170.8 0.64585 -0.54723 -0.2304 0 0 0
171 0.63008 -0.62045 -0.22849 0 0 0
171.2 0.61228 -0.73008 -0.30217 0 0 0
171.4 0.57957 -0.7583 -0.35697 0 0 0
171.6 0.60861 -0.7785 -0.33596 0 0 0
171.8 0.6225 -0.84192 -0.43261 0 0 0
172 0.5858 -0.90926 -0.36931 0 0 0
172.2 0.57087 -0.88613 -0.40435 0 0 0
172.4 0.64532 -0.78567 -0.41318 0 0 0
172.6 0.65716 -0.74405 -0.38346 0 0 0
172.8 0.61059 -0.72593 -0.36129 0 0 0
173 0.61478 -0.62981 -0.29096 0 0 0
173.2 0.62927 -0.60486 -0.26869 0 0 0
173.4 0.63675 -0.53303 -0.32434 0 0 0
173.6 0.63601 -0.51348 -0.3104 0 0 0
173.8 0.67345 -0.51839 -0.30762 0 0 0
174 0.65296 -0.59332 -0.39531 0 0 0
174.2 0.65693 -0.65445 -0.39433 0 0 0
174.4 0.6796 -0.67386 -0.44871 0 0 0
174.6 0.68576 -0.67453 -0.48186 0 0 0
174.8 0.67762 -0.69741 -0.43424 0 0 0
175 0.61934 -0.76381 -0.48574 0 0 0
175.2 0.61372 -0.78984 -0.49868 0 0 0
175.4 0.67304 -0.69172 -0.45004 0 0 0
175.6 0.66629 -0.6618 -0.31335 0 0 0
175.8 0.61792 -0.67366 -0.35063 0 0 0
176 0.62031 -0.64035 -0.34106 0 0 0
176.2 0.62346 -0.49089 -0.47949 0 0 0
176.4 0.6138 -0.47794 -0.33186 0 0 0
176.6 0.60986 -0.45117 -0.28155 0 0 0
176.8 0.58439 -0.40793 -0.4094 0 0 0
177 0.59174 -0.4763 -0.37188 0 0 0
177.2 0.61644 -0.61001 -0.47003 0 0 0
177.4 0.53532 -0.61386 -0.53073 0 0 0
177.6 0.62967 -0.65079 -0.53193 0 0 0
177.8 0.57141 -0.69367 -0.54753 0 0 0
178 0.5359 -0.72266 -0.61421 0 0 0
178.2 0.63022 -0.71028 -0.55317 0 0 0
178.4 0.70324 -0.64761 -0.5154 0 0 0
178.6 0.68637 -0.60759 -0.51453 0 0 0
178.8 0.64181 -0.53522 -0.50606 0 0 0
179 0.63279 -0.51311 -0.51418 0 0 0
179.2 0.66942 -0.49944 -0.57016 0 0 0
179.4 0.61226 -0.44272 -0.53135 0 0 0
179.6 0.58645 -0.43277 -0.55422 0 0 0
179.8 0.68583 -0.36862 -0.37801 0 0 0
180 0.65858 -0.37832 -0.45176 0 0 0
180.2 0.64579 -0.49048 -0.56078 0 0 0
180.4 0.64941 -0.48977 -0.57575 0 0 0
180.6 0.64555 -0.53951 -0.60474 0 0 0
180.8 0.71113 -0.57917 -0.58777 0 0 0
181 0.68501 -0.66859 -0.60763 0 0 0
181.2 0.6728 -0.6801 -0.6312 0 0 0
181.4 0.63902 -0.63925 -0.60906 0 0 0
181.6 0.69559 -0.55681 -0.52611 0 0 0
181.8 0.63685 -0.57813 -0.48611 0 0 0
182 0.61486 -0.53068 -0.51705 0 0 0
182.2 0.6543 -0.36351 -0.54258 0 0 0
182.4 0.61787 -0.31096 -0.47248 0 0 0
182.6 0.66092 -0.29846 -0.47517 0 0 0
182.8 0.68219 -0.26081 -0.5083 0 0 0
183 0.63579 -0.28237 -0.46868 0 0 0
183.2 0.64815 -0.29788 -0.46832 0 0 0
183.4 0.62609 -0.38245 -0.55552 0 0 0
183.6 0.62178 -0.43967 -0.52447 0 0 0
183.8 0.58589 -0.41537 -0.59416 0 0 0
184 0.62179 -0.43008 -0.52871 0 0 0
184.2 0.60253 -0.45457 -0.58485 0 0 0
184.4 0.52842 -0.51449 -0.64683 0 0 0
184.6 0.59597 -0.59295 -0.68924 0 0 0
184.8 0.59559 -0.66199 -0.55885 0 0 0
185 0.6446 -0.5702 -0.45564 0 0 0
185.2 0.67922 -0.49317 -0.63121 0 0 0
185.4 0.63616 -0.33804 -0.60839 0 0 0
185.6 0.66917 -0.29135 -0.50158 0 0 0
185.8 0.66194 -0.23081 -0.32032 0 0 0
186 0.64509 -0.16229 -0.31605 0 0 0
186.2 0.60796 -0.10704 -0.3251 0 0 0
186.4 0.61506 -0.091796 -0.32514 0 0 0
186.6 0.57044 -0.089335 -0.35185 0 0 0
186.8 0.55484 -0.12712 -0.41453 0 0 0
187 0.61424 -0.20163 -0.38154 0 0 0
187.2 0.72711 -0.22396 -0.3488 0 0 0
187.4 0.73884 -0.2837 -0.36471 0 0 0
187.6 0.64459 -0.39211 -0.54435 0 0 0
187.8 0.6035 -0.3771 -0.57334 0 0 0
188 0.56206 -0.35772 -0.60382 0 0 0
188.2 0.56165 -0.37158 -0.5378 0 0 0
188.4 0.50556 -0.30201 -0.54324 0 0 0
188.6 0.56175 -0.21882 -0.61187 0 0 0
188.8 0.6343 -0.23997 -0.48154 0 0 0
189 0.58687 -0.28227 -0.34017 0 0 0
189.2 0.58712 -0.21462 -0.34996 0 0 0
189.4 0.65416 -0.29749 -0.37642 0 0 0
189.6 0.63739 -0.34544 -0.43152 0 0 0
189.8 0.6434 -0.37126 -0.52588 0 0 0
190 0.63799 -0.43232 -0.48889 0 0 0
190.2 0.63419 -0.46949 -0.50192 0 0 0
190.4 0.58051 -0.53985 -0.57181 0 0 0
190.6 0.53969 -0.59807 -0.59694 0 0 0
190.8 0.57444 -0.65823 -0.62952 0 0 0
191 0.56464 -0.65978 -0.64568 0 0 0
191.2 0.61988 -0.72071 -0.59663 0 0 0
191.4 0.6174 -0.825 -0.6643 0 0 0
191.6 0.59024 -0.99787 -0.81308 0 0 0
191.8 0.61967 -1.2484 -0.85848 0 0 0
192 0.58442 -1.312 -0.80706 0 0 0
192.2 0.61016 -1.0588 -0.75891 0 0 0
192.4 0.60883 -0.90806 -0.65999 0 0 0
192.6 0.67892 -0.82334 -0.74758 0 0 0
192.8 0.68261 -0.77753 -0.69089 0 0 0
193 0.73618 -0.63534 -0.50788 0 0 0
193.2 0.78087 -0.57892 -0.4588 0 0 0
193.4 0.78729 -0.50528 -0.37566 0 0 0
193.6 0.79112 -0.51824 -0.41024 0 0 0
193.8 0.78292 -0.50369 -0.44009 0 0 0
194 0.81653 -0.45555 -0.48647 0 0 0
194.2 0.775 -0.44796 -0.36303 0 0 0
194.4 0.79522 -0.39612 -0.28731 0 0 0
194.6 0.80099 -0.38329 -0.31886 0 0 0
194.8 0.82135 -0.31966 -0.40003 0 0 0
195 0.80471 -0.31494 -0.49366 0 0 0
195.2 0.78779 -0.30599 -0.45438 0 0 0
195.4 0.79797 -0.27591 -0.35851 0 0 0
195.6 0.76131 -0.30199 -0.32777 0 0 0
195.8 0.73728 -0.35263 -0.32559 0 0 0
196 0.78573 -0.29306 -0.23182 0 0 0
196.2 0.75385 -0.27634 -0.30035 0 0 0
196.4 0.74603 -0.26489 -0.33641 0 0 0
196.6 0.76475 -0.24543 -0.35446 0 0 0
196.8 0.77407 -0.29954 -0.30617 0 0 0
197 0.79837 -0.30802 -0.36936 0 0 0
197.2 0.77829 -0.3555 -0.50582 0 0 0
197.4 0.80316 -0.41949 -0.43548 0 0 0
197.6 0.81381 -0.40764 -0.36224 0 0 0
197.8 0.82707 -0.41638 -0.49602 0 0 0
198 0.81535 -0.37267 -0.30958 0 0 0
198.2 0.79746 -0.3357 -0.24873 0 0 0
198.4 0.81638 -0.28956 -0.24656 0 0 0
198.6 0.8045 -0.28151 -0.3041 0 0 0
198.8 0.75359 -0.28082 -0.34807 0 0 0
199 0.78837 -0.26483 -0.37285 0 0 0
199.2 0.79172 -0.31074 -0.38043 0 0 0
199.4 0.82254 -0.30113 -0.36797 0 0 0
199.6 0.78794 -0.27507 -0.36229 0 0 0
199.8 0.7966 -0.28567 -0.40518 0 0 0
200 0.80636 -0.32253 -0.55053 0 0 0
200.2 0.77044 -0.301 -0.45284 0 0 0
200.4 0.7273 -0.25456 -0.46767 0 0 0
200.6 0.79781 -0.27641 -0.48391 0 0 0
200.8 0.827 -0.34979 -0.48543 0 0 0
201 0.81199 -0.3116 -0.47938 0 0 0
201.2 0.79824 -0.33665 -0.40597 0 0 0
201.4 0.82542 -0.42732 -0.46358 0 0 0
201.6 0.77676 -0.4393 -0.58374 0 0 0
201.8 0.77025 -0.50782 -0.63615 0 0 0
202 0.75622 -0.54762 -0.63346 0 0 0
202.2 0.74454 -0.51272 -0.65741 0 0 0
202.4 0.73506 -0.45445 -0.57969 0 0 0
202.6 0.83379 -0.4919 -0.46918 0 0 0
202.8 0.84222 -0.44777 -0.47096 0 0 0
203 0.83547 -0.37695 -0.49456 0 0 0
203.2 0.84779 -0.36057 -0.50206 0 0 0
203.4 0.8273 -0.38381 -0.47321 0 0 0
203.6 0.81235 -0.3446 -0.42308 0 0 0
203.8 0.84311 -0.33899 -0.50607 0 0 0
204 0.86092 -0.34249 -0.51908 0 0 0
204.2 0.84571 -0.34804 -0.46644 0 0 0
204.4 0.79145 -0.39918 -0.49477 0 0 0
204.6 0.80136 -0.44137 -0.57041 0 0 0
204.8 0.80049 -0.48069 -0.64056 0 0 0
205 0.79608 -0.50041 -0.71039 0 0 0
205.2 0.73641 -0.56526 -0.77791 0 0 0
205.4 0.71256 -0.62407 -0.74482 0 0 0
205.6 0.84196 -0.6316 -0.61751 0 0 0
205.8 0.83294 -0.58746 -0.56887 0 0 0
206 0.85488 -0.5314 -0.51898 0 0 0
206.2 0.88138 -0.51215 -0.55835 0 0 0
206.4 0.8592 -0.48964 -0.58355 0 0 0
206.6 0.83432 -0.46727 -0.57601 0 0 0
206.8 0.81933 -0.45463 -0.55184 0 0 0
207 0.74851 -0.40074 -0.66631 0 0 0
207.2 0.79478 -0.46272 -0.63558 0 0 0
207.4 0.82127 -0.50656 -0.61686 0 0 0
207.6 0.84221 -0.52641 -0.70884 0 0 0
207.8 0.85466 -0.50592 -0.71586 0 0 0
208 0.75588 -0.53678 -0.71909 0 0 0
208.2 0.70453 -0.63127 -0.65948 0 0 0
208.4 0.66552 -0.57666 -0.66061 0 0 0
208.6 0.73688 -0.52457 -0.78929 0 0 0
208.8 0.84281 -0.53659 -0.78028 0 0 0
209 0.91504 -0.49628 -0.60369 0 0 0
209.2 0.8534 -0.45881 -0.56438 0 0 0
209.4 0.88756 -0.41747 -0.5289 0 0 0
209.6 0.89659 -0.38858 -0.53407 0 0 0
209.8 0.86815 -0.35438 -0.60083 0 0 0
210 0.87869 -0.346 -0.53339 0 0 0
210.2 0.90233 -0.39596 -0.53792 0 0 0
210.4 0.89716 -0.47361 -0.57268 0 0 0
210.6 0.8858 -0.51775 -0.59279 0 0 0
210.8 0.91086 -0.58607 -0.61975 0 0 0
211 0.88961 -0.64895 -0.72094 0 0 0
211.2 0.71143 -0.58873 -0.65448 0 0 0
211.4 0.69467 -0.61628 -0.71196 0 0 0
211.6 0.89532 -0.64935 -0.81361 0 0 0
211.8 0.90734 -0.58198 -0.78572 0 0 0
212 0.94171 -0.5783 -0.65538 0 0 0
212.2 0.94683 -0.5476 -0.55667 0 0 0
212.4 0.9723 -0.49581 -0.52364 0 0 0
212.6 0.92702 -0.46862 -0.54532 0 0 0
212.8 0.84945 -0.48203 -0.58516 0 0 0
213 0.83895 -0.42471 -0.5744 0 0 0
213.2 0.89854 -0.52219 -0.60642 0 0 0
213.4 0.93674 -0.61677 -0.71871 0 0 0
213.6 0.94421 -0.63929 -0.63844 0 0 0
213.8 0.87629 -0.70544 -0.70582 0 0 0
214 0.76386 -0.75725 -0.75312 0 0 0
214.2 0.76329 -0.82192 -0.74612 0 0 0
214.4 0.7815 -0.89753 -0.86099 0 0 0
214.6 0.81005 -0.95219 -0.82366 0 0 0
214.8 0.69173 -0.82806 -0.79489 0 0 0
215 0.81661 -0.83211 -0.69839 0 0 0
215.2 0.90627 -0.80215 -0.72342 0 0 0
215.4 0.91824 -0.74857 -0.66958 0 0 0
215.6 0.96003 -0.75814 -0.69597 0 0 0
215.8 0.97835 -0.75379 -0.56405 0 0 0
216 1.0112 -0.7316 -0.51859 0 0 0
216.2 0.99554 -0.70962 -0.56696 0 0 0
216.4 0.96619 -0.71161 -0.72633 0 0 0
216.6 0.98097 -0.79422 -0.69949 0 0 0
216.8 0.99397 -0.86806 -0.69598 0 0 0
217 0.99188 -0.92702 -0.75918 0 0 0
217.2 0.84562 -0.9271 -0.7724 0 0 0
217.4 0.7867 -0.98611 -0.7794 0 0 0
217.6 0.82023 -1.1018 -0.76874 0 0 0
217.8 0.81097 -1.0365 -0.74186 0 0 0
218 0.84017 -1.0399 -0.68137 0 0 0
218.2 0.87063 -1.038 -0.71632 0 0 0
218.4 0.94858 -0.9812 -0.66758 0 0 0
218.6 1.0011 -0.93328 -0.56196 0 0 0
218.8 0.99121 -0.90397 -0.55752 0 0 0
219 0.94501 -0.91293 -0.52094 0 0 0
219.2 0.95047 -0.90216 -0.52174 0 0 0
219.4 0.94529 -0.85853 -0.57663 0 0 0
219.6 0.88734 -0.91837 -0.58532 0 0 0
219.8 0.95238 -0.9853 -0.56883 0 0 0
220 0.87645 -0.99637 -0.58651 0 0 0
220.2 0.73303 -1.0323 -0.70396 0 0 0
220.4 0.77517 -1.1082 -0.72253 0 0 0
220.6 0.84817 -1.2222 -0.65792 0 0 0
220.8 0.7919 -1.1835 -0.75385 0 0 0
221 0.80512 -1.1336 -0.65865 0 0 0
221.2 0.92788 -1.123 -0.51665 0 0 0
221.4 0.90279 -1.0479 -0.44566 0 0 0
221.6 0.94823 -0.95432 -0.4173 0 0 0
221.8 0.93623 -0.88685 -0.38954 0 0 0
222 0.90557 -0.88631 -0.30626 0 0 0
222.2 0.91224 -0.90643 -0.32918 0 0 0
222.4 0.94475 -0.89641 -0.3394 0 0 0
222.6 0.92126 -0.9399 -0.37762 0 0 0
222.8 0.90404 -0.96891 -0.39901 0 0 0
223 0.85814 -1.0005 -0.44059 0 0 0
223.2 0.78738 -1.0149 -0.50077 0 0 0
223.4 0.74975 -1.0305 -0.49413 0 0 0
223.6 0.78761 -1.099 -0.52661 0 0 0
223.8 0.75017 -1.0642 -0.50751 0 0 0
224 0.77576 -1.0134 -0.43792 0 0 0
224.2 0.82466 -1.0009 -0.3625 0 0 0
224.4 0.90142 -0.93725 -0.33948 0 0 0
224.6 0.92747 -0.85449 -0.35151 0 0 0
224.8 0.91473 -0.80737 -0.20022 0 0 0
225 0.87339 -0.74706 -0.1767 0 0 0
225.2 0.88064 -0.68349 -0.17558 0 0 0
225.4 0.86942 -0.68736 -0.24106 0 0 0
225.6 0.86893 -0.68921 -0.23446 0 0 0
225.8 0.8492 -0.70756 -0.26315 0 0 0
226 0.86425 -0.81798 -0.24219 0 0 0
226.2 0.83876 -0.80683 -0.31964 0 0 0
226.4 0.67088 -0.8 -0.4848 0 0 0
226.6 0.73695 -0.8683 -0.34661 0 0 0
226.8 0.78267 -0.86129 -0.35345 0 0 0
227 0.81771 -0.83014 -0.30821 0 0 0
227.2 0.79674 -0.77973 -0.34273 0 0 0
227.4 0.84953 -0.76581 -0.32681 0 0 0
227.6 0.91165 -0.77329 -0.27129 0 0 0
227.8 0.84625 -0.70326 -0.25752 0 0 0
228 0.82886 -0.71789 -0.29328 0 0 0
228.2 0.82739 -0.67904 -0.26258 0 0 0
228.4 0.83973 -0.63209 -0.34211 0 0 0
228.6 0.83211 -0.66278 -0.38287 0 0 0
228.8 0.87321 -0.73223 -0.41675 0 0 0
229 0.92876 -0.77355 -0.38961 0 0 0
229.2 0.88963 -0.77594 -0.45662 0 0 0
229.4 0.83034 -0.78742 -0.48883 0 0 0
229.6 0.71337 -0.77161 -0.53944 0 0 0
229.8 0.57523 -0.71617 -0.56584 0 0 0
230 0.68998 -0.53893 -0.40417 0 0 0
230.2 0.70701 -0.14521 -0.17468 0 0 0
230.4 0.57612 0.37833 0.082268 0 0 0
230.6 0.48651 0.91296 0.37867 0 0 0
230.8 0.42946 1.2325 0.60311 0 0 0
231 0.38634 1.2913 0.75705 0 0 0
231.2 0.42052 1.2979 0.91063 0 0 0
231.4 0.44155 1.2364 0.93473 0 0 0
231.6 0.46492 1.0759 0.89854 0 0 0
231.8 0.47511 1.0559 0.89703 0 0 0
232 0.3352 1.1595 0.80989 0 0 0
232.2 0.41559 1.1265 0.88076 0 0 0
232.4 0.39468 1.0616 0.90443 0 0 0
232.6 0.30084 1.0347 0.86926 0 0 0
232.8 0.34703 0.95965 0.90001 0 0 0
233 0.34087 1.0968 0.93587 0 0 0
233.2 0.43562 1.2149 1.0301 0 0 0
233.4 0.40969 1.3418 1.2968 0 0 0
233.6 0.42263 1.499 1.4837 0 0 0
233.8 0.38867 1.5907 1.477 0 0 0
234 0.3542 1.6461 1.5224 0 0 0
234.2 0.33294 1.6699 1.5832 0 0 0
234.4 0.38482 1.6651 1.5769 0 0 0
234.6 0.36413 1.5299 1.5167 0 0 0
234.8 0.34486 1.4378 1.4988 0 0 0
235 0.30599 1.4185 1.3558 0 0 0
235.2 0.15725 1.3493 1.1988 0 0 0
235.4 0.23387 1.2724 1.2569 0 0 0
235.6 0.36466 1.2079 1.2267 0 0 0
235.8 0.26488 1.2767 1.3239 0 0 0
236 0.34581 1.3848 1.5019 0 0 0
236.2 0.34249 1.4795 1.5637 0 0 0
236.4 0.38549 1.5364 1.6203 0 0 0
236.6 0.37503 1.5979 1.7238 0 0 0
236.8 0.33084 1.689 1.766 0 0 0
237 0.37641 1.7659 1.7088 0 0 0
237.2 0.42213 1.7609 1.6471 0 0 0
237.4 0.41052 1.6625 1.5931 0 0 0
237.6 0.39089 1.5692 1.5632 0 0 0
237.8 0.26919 1.5422 1.438 0 0 0
238 0.20742 1.5313 1.4651 0 0 0
238.2 0.094496 1.5142 1.43 0 0 0
238.4 0.1459 1.409 1.3214 0 0 0
238.6 0.092793 1.3953 1.3497 0 0 0
238.8 0.12788 1.4547 1.5059 0 0 0
239 0.19343 1.4929 1.5271 0 0 0
239.2 0.20563 1.5162 1.4869 0 0 0
239.4 0.262 1.5303 1.5564 0 0 0
239.6 0.2613 1.5977 1.534 0 0 0
239.8 0.24433 1.6554 1.7192 0 0 0
240 0.23015 1.7067 1.6485 0 0 0
240.2 0.26578 1.6856 1.4949 0 0 0
240.4 0.24514 1.6321 1.4798 0 0 0
240.6 0.22957 1.5738 1.4843 0 0 0
240.8 0.17189 1.537 1.4638 0 0 0
241 0.13206 1.5063 1.3362 0 0 0
241.2 0.17507 1.397 1.3763 0 0 0
241.4 0.12964 1.3781 1.3957 0 0 0
241.6 0.053597 1.3987 1.3895 0 0 0
241.8 0.046683 1.4548 1.3481 0 0 0
242 0.084207 1.5421 1.4178 0 0 0
242.2 0.11189 1.5776 1.483 0 0 0
242.4 0.11824 1.6154 1.4844 0 0 0
242.6 0.13059 1.6891 1.5147 0 0 0
242.8 0.12841 1.6861 1.5282 0 0 0
243 0.097092 1.7455 1.4833 0 0 0
243.2 0.10727 1.7111 1.4437 0 0 0
243.4 0.13592 1.7129 1.493 0 0 0
243.6 0.041804 1.7296 1.4052 0 0 0
243.8 0.009787 1.6691 1.4172 0 0 0
244 -0.085339 1.5918 1.478 0 0 0
244.2 0.005709 1.5263 1.3541 0 0 0
244.4 0.004405 1.537 1.2965 0 0 0
244.6 -0.14127 1.5753 1.3405 0 0 0
244.8 -0.10733 1.611 1.4274 0 0 0
245 0.043878 1.697 1.578 0 0 0
245.2 0.031359 1.8592 1.6523 0 0 0
245.4 -0.004833 2.0397 1.768 0 0 0
245.6 -0.015016 2.1487 1.909 0 0 0
245.8 -0.059062 2.29 1.9895 0 0 0
246 -0.081011 2.408 2.0119 0 0 0
246.2 -0.072522 2.3571 2.0577 0 0 0
246.4 -0.062158 2.2541 2.0043 0 0 0
246.6 -0.064581 2.2084 1.8863 0 0 0
246.8 -0.25372 2.1968 1.8238 0 0 0
247 -0.23093 2.0757 1.7948 0 0 0
247.2 -0.11866 2.0074 1.8657 0 0 0
247.4 -0.13573 2.035 1.7846 0 0 0
247.6 -0.16144 2.1166 1.8477 0 0 0
247.8 -0.21745 2.2762 1.8775 0 0 0
248 -0.15741 2.3917 2.0029 0 0 0
248.2 -0.13403 2.4901 2.1906 0 0 0
248.4 -0.14336 2.5695 2.2101 0 0 0
248.6 -0.16078 2.6528 2.224 0 0 0
248.8 -0.13984 2.7444 2.3447 0 0 0
249 -0.12036 2.7866 2.3899 0 0 0
249.2 -0.1677 2.775 2.3729 0 0 0
249.4 -0.20577 2.9061 2.4306 0 0 0
249.6 -0.27274 3.463 2.615 0 0 0
249.8 -0.2724 4.0607 2.8596 0 0 0
250 -0.27247 4.0499 3.0361 0 0 0
250.2 -0.43026 3.8986 3.0205 0 0 0
250.4 -0.35272 3.7649 3.0138 0 0 0
250.6 -0.2667 3.6458 3.0721 0 0 0
250.8 -0.3049 3.7014 3.1154 0 0 0
251 -0.35265 3.8391 3.1168 0 0 0
251.2 -0.29722 3.9018 3.2801 0 0 0
251.4 -0.28511 3.9649 3.3479 0 0 0
251.6 -0.29939 4.0322 3.5889 0 0 0
251.8 -0.33549 4.1661 3.5422 0 0 0
252 -0.33933 4.1813 3.5 0 0 0
252.2 -0.28684 4.1567 3.5735 0 0 0
252.4 -0.26482 4.1103 3.5761 0 0 0
252.6 -0.32144 4.0614 3.5423 0 0 0
252.8 -0.37268 4.0525 3.4985 0 0 0
253 -0.4188 3.945 3.4258 0 0 0
253.2 -0.36993 3.8664 3.4305 0 0 0
253.4 -0.30805 3.7062 3.3957 0 0 0
253.6 -0.35976 3.6956 3.3598 0 0 0
253.8 -0.52916 3.8293 3.4439 0 0 0
254 -0.40731 3.8353 3.5308 0 0 0
254.2 -0.29897 3.9035 3.6201 0 0 0
254.4 -0.3831 4.0073 3.611 0 0 0
254.6 -0.33565 4.0683 3.7582 0 0 0
254.8 -0.29395 4.1533 3.8123 0 0 0
255 -0.32531 4.1632 3.8397 0 0 0
255.2 -0.3496 4.2245 3.8088 0 0 0
255.4 -0.36631 4.1563 3.7884 0 0 0
255.6 -0.32097 4.0825 3.6769 0 0 0
255.8 -0.38059 4.0512 3.6825 0 0 0
256 -0.51054 4.0515 3.7744 0 0 0
256.2 -0.52565 3.9883 3.6334 0 0 0
256.4 -0.39282 3.8426 3.6599 0 0 0
256.6 -0.50756 3.9798 3.6903 0 0 0
256.8 -0.568 4.0996 3.7353 0 0 0
257 -0.43056 4.1207 3.8027 0 0 0
257.2 -0.35941 4.1862 3.9107 0 0 0
257.4 -0.34225 4.2229 3.9073 0 0 0
257.6 -0.34491 4.2658 3.9575 0 0 0
257.8 -0.35685 4.3263 4.0498 0 0 0
258 -0.37144 4.3977 4.0534 0 0 0
258.2 -0.35012 4.38 3.9935 0 0 0
258.4 -0.31009 4.2914 4.0541 0 0 0
258.6 -0.36179 4.2631 4.0113 0 0 0
258.8 -0.44105 4.2309 3.8678 0 0 0
259 -0.47446 4.1701 3.8071 0 0 0
259.2 -0.50933 4.1955 3.7906 0 0 0
259.4 -0.43325 4.1801 3.8972 0 0 0
259.6 -0.55542 4.2687 3.9827 0 0 0
259.8 -0.50692 4.3096 3.9792 0 0 0
260 -0.34314 4.3058 4.0909 0 0 0
260.2 -0.31612 4.3157 4.1832 0 0 0
260.4 -0.33214 4.3311 4.1566 0 0 0
260.6 -0.31472 4.3093 4.1896 0 0 0
260.8 -0.29417 4.343 4.159 0 0 0
261 -0.31079 4.3635 4.0678 0 0 0
261.2 -0.30279 4.375 4.0705 0 0 0
261.4 -0.30964 4.3009 3.9594 0 0 0
261.6 -0.29691 4.1708 3.8751 0 0 0
261.8 -0.21238 3.9535 3.7092 0 0 0
262 -0.20717 3.6973 3.5094 0 0 0
262.2 -0.26919 3.5419 3.4231 0 0 0
262.4 -0.34278 3.4696 3.2872 0 0 0
262.6 -0.51596 3.5673 3.2812 0 0 0
262.8 -0.50392 3.5935 3.3393 0 0 0
263 -0.35717 3.6061 3.3371 0 0 0
263.2 -0.35158 3.7036 3.3632 0 0 0
263.4 -0.30857 3.7606 3.4591 0 0 0
263.6 -0.30866 3.8189 3.544 0 0 0
263.8 -0.30378 3.924 3.6338 0 0 0
264 -0.35027 4.0375 3.6076 0 0 0
264.2 -0.35952 4.0681 3.587 0 0 0
264.4 -0.32467 4.073 3.5927 0 0 0
264.6 -0.30258 3.9871 3.6327 0 0 0
264.8 -0.30887 3.9403 3.6351 0 0 0
265 -0.35457 3.9655 3.5529 0 0 0
265.2 -0.46282 3.9766 3.5255 0 0 0
265.4 -0.61708 3.981 3.5196 0 0 0
265.6 -0.6169 3.9414 3.5318 0 0 0
265.8 -0.49275 3.8916 3.5162 0 0 0
266 -0.4914 3.9467 3.5422 0 0 0
266.2 -0.449 4.0042 3.6619 0 0 0
266.4 -0.31477 4.005 3.732 0 0 0
266.6 -0.34071 4.05 3.763 0 0 0
266.8 -0.39265 4.1545 3.8259 0 0 0
267 -0.37251 4.2744 3.9266 0 0 0
267.2 -0.36274 4.3218 3.8919 0 0 0
267.4 -0.37291 4.3512 3.9393 0 0 0
267.6 -0.37235 4.3415 3.9659 0 0 0
267.8 -0.33871 4.3254 3.9315 0 0 0
268 -0.3909 4.3837 3.9052 0 0 0
268.2 -0.55463 4.4644 3.94 0 0 0
268.4 -0.62916 4.438 3.9174 0 0 0
268.6 -0.48147 4.423 4.0792 0 0 0
268.8 -0.46443 4.4874 4.1133 0 0 0
269 -0.40876 4.5693 4.2095 0 0 0
269.2 -0.44976 4.677 4.2259 0 0 0
269.4 -0.42473 4.7327 4.228 0 0 0
269.6 -0.48391 4.8168 4.2665 0 0 0
269.8 -0.44046 4.8208 4.3659 0 0 0
270 -0.44417 4.8168 4.3702 0 0 0
270.2 -0.42314 4.8415 4.3589 0 0 0
270.4 -0.42956 4.7555 4.3747 0 0 0
270.6 -0.4091 4.6347 4.3366 0 0 0
270.8 -0.39426 4.5865 4.2858 0 0 0
271 -0.49104 4.5948 4.258 0 0 0
271.2 -0.49866 4.5328 4.2336 0 0 0
271.4 -0.36608 4.4286 4.1493 0 0 0
271.6 -0.45924 4.4065 3.9647 0 0 0
271.8 -0.51506 4.3162 4.0262 0 0 0
272 -0.58423 4.3817 4.0976 0 0 0
272.2 -0.4522 4.3922 4.122 0 0 0
272.4 -0.3923 4.4011 4.0338 0 0 0
272.6 -0.38212 4.4343 4.1171 0 0 0
272.8 -0.38301 4.4759 4.2464 0 0 0
273 -0.38943 4.4796 4.3378 0 0 0
273.2 -0.37861 4.5289 4.263 0 0 0
273.4 -0.37482 4.5226 4.2423 0 0 0
273.6 -0.38012 4.4914 4.1489 0 0 0
273.8 -0.35176 4.3803 4.0598 0 0 0
274 -0.32088 4.2544 3.9923 0 0 0
274.2 -0.33096 4.2676 4.0101 0 0 0
274.4 -0.42033 4.2604 3.9387 0 0 0
274.6 -0.43257 4.1442 3.8726 0 0 0
274.8 -0.42081 4.0243 3.8347 0 0 0
275 -0.53551 3.9891 3.8149 0 0 0
275.2 -0.41535 3.9607 3.827 0 0 0
275.4 -0.2563 3.939 3.9961 0 0 0
275.6 -0.24044 3.968 4.0295 0 0 0
275.8 -0.2596 4.0201 4.0485 0 0 0
276 -0.2888 4.093 4.0334 0 0 0
276.2 -0.3105 4.186 4.0224 0 0 0
276.4 -0.32239 4.2585 4.0937 0 0 0
276.6 -0.30807 4.2534 4.0877 0 0 0
276.8 -0.2894 4.1958 4.0785 0 0 0
277 -0.28736 4.111 4.1415 0 0 0
277.2 -0.37583 4.1557 4.0863 0 0 0
277.4 -0.40555 4.1519 4.0503 0 0 0
277.6 -0.53858 4.1376 4.0195 0 0 0
277.8 -0.59701 4.1019 4.0171 0 0 0
278 -0.62292 4.1831 4.0231 0 0 0
278.2 -0.43437 4.2456 4.1167 0 0 0
278.4 -0.29317 4.3022 4.2635 0 0 0
278.6 -0.34969 4.3856 4.3314 0 0 0
278.8 -0.37453 4.5081 4.3564 0 0 0
279 -0.38816 4.612 4.4339 0 0 0
279.2 -0.42505 4.6961 4.4797 0 0 0
279.4 -0.40707 4.7745 4.5283 0 0 0
279.6 -0.42602 4.8293 4.6454 0 0 0
279.8 -0.41862 4.8146 4.5663 0 0 0
280 -0.41737 4.7562 4.5082 0 0 0
280.2 -0.4011 4.723 4.4509 0 0 0
280.4 -0.46848 4.7548 4.4584 0 0 0
280.6 -0.57684 4.7498 4.3846 0 0 0
280.8 -0.63226 4.7385 4.4073 0 0 0
281 -0.64631 4.7415 4.3901 0 0 0
281.2 -0.52563 4.7199 4.4507 0 0 0
281.4 -0.42148 4.7715 4.5314 0 0 0
281.6 -0.43651 4.8649 4.5746 0 0 0
281.8 -0.43332 4.8699 4.6428 0 0 0
282 -0.43583 4.9121 4.8055 0 0 0
282.2 -0.45566 4.9404 4.8105 0 0 0
282.4 -0.47167 4.9448 4.7857 0 0 0
282.6 -0.47046 4.9995 4.6935 0 0 0
282.8 -0.47913 4.9857 4.7151 0 0 0
283 -0.44085 4.9029 4.7083 0 0 0
283.2 -0.465 4.8689 4.6538 0 0 0
283.4 -0.47582 4.8538 4.5953 0 0 0
283.6 -0.58316 4.8483 4.5699 0 0 0
283.8 -0.71743 4.8893 4.5831 0 0 0
284 -0.63347 4.8843 4.6422 0 0 0
284.2 -0.66522 4.9868 4.6649 0 0 0
284.4 -0.58762 4.9443 4.7711 0 0 0
284.6 -0.51457 4.9678 4.7475 0 0 0
284.8 -0.52916 4.9871 4.7871 0 0 0
285 -0.54917 5.0547 4.7817 0 0 0
285.2 -0.54861 5.1036 4.8096 0 0 0
285.4 -0.5449 5.1426 4.9214 0 0 0
285.6 -0.54872 5.1481 4.798 0 0 0
285.8 -0.53517 5.0746 4.8552 0 0 0
286 -0.52484 5.0623 4.9232 0 0 0
286.2 -0.49732 4.9956 4.8805 0 0 0
286.4 -0.45094 4.9595 4.8084 0 0 0
286.6 -0.56329 4.9553 4.7266 0 0 0
286.8 -0.60273 4.8929 4.7161 0 0 0
287 -0.62812 4.9357 4.7117 0 0 0
287.2 -0.72731 5.0923 4.747 0 0 0
287.4 -0.59808 5.1849 4.8566 0 0 0
287.6 -0.53629 5.2982 4.9425 0 0 0
287.8 -0.57735 5.4454 5.0277 0 0 0
288 -0.60764 5.6234 5.1893 0 0 0
288.2 -0.68415 5.961 5.4576 0 0 0
288.4 -0.70954 6.0401 5.5434 0 0 0
288.6 -0.71919 6.0628 5.5408 0 0 0
288.8 -0.718 6.0511 5.5752 0 0 0
289 -0.672 5.959 5.5291 0 0 0
289.2 -0.63 5.8549 5.5055 0 0 0
289.4 -0.63566 5.8361 5.4755 0 0 0
289.6 -0.61876 5.7241 5.4608 0 0 0
289.8 -0.70388 5.7191 5.366 0 0 0
290 -0.81383 5.6614 5.2634 0 0 0
290.2 -0.67787 5.5445 5.3144 0 0 0
290.4 -0.71877 5.5565 5.3358 0 0 0
290.6 -0.69146 5.58 5.3521 0 0 0
290.8 -0.61982 5.6896 5.463 0 0 0
291 -0.61455 5.7844 5.57 0 0 0
291.2 -0.57888 5.8201 5.6499 0 0 0
291.4 -0.62378 5.915 5.7052 0 0 0
291.6 -0.64958 6.0091 5.7467 0 0 0
291.8 -0.64292 6.1607 5.8122 0 0 0
292 -0.67367 6.1706 5.8665 0 0 0
292.2 -0.70311 6.1544 5.8731 0 0 0
292.4 -0.69089 6.06 5.8111 0 0 0
292.6 -0.70451 6.0016 5.7671 0 0 0
292.8 -0.66398 5.9789 5.7075 0 0 0
293 -0.70008 5.9835 5.7157 0 0 0
293.2 -0.79429 5.996 5.7131 0 0 0
293.4 -0.66041 5.9004 5.6709 0 0 0
293.6 -0.82093 5.9558 5.6407 0 0 0
293.8 -0.89484 6.014 5.7552 0 0 0
294 -0.70536 6.016 5.8587 0 0 0
294.2 -0.68142 6.0908 5.8424 0 0 0
294.4 -0.64708 6.1905 5.9729 0 0 0
294.6 -0.68721 6.2097 6.0294 0 0 0
294.8 -0.68404 6.2311 6.031 0 0 0
295 -0.69188 6.2628 6.0566 0 0 0
295.2 -0.6931 6.2834 6.0674 0 0 0
295.4 -0.70279 6.1997 6.0699 0 0 0
295.6 -0.66678 6.111 5.9946 0 0 0
295.8 -0.70108 6.0982 5.9228 0 0 0
296 -0.63921 6.0166 5.8995 0 0 0
296.2 -0.77513 6.0046 5.8543 0 0 0
296.4 -0.74316 5.986 5.8198 0 0 0
296.6 -0.81344 5.9793 5.7869 0 0 0
296.8 -0.89363 6.071 5.8018 0 0 0
297 -0.71383 6.0855 5.9721 0 0 0
297.2 -0.67532 6.2286 5.9987 0 0 0
297.4 -0.70516 6.3878 6.1317 0 0 0
297.6 -0.74684 6.5567 6.2495 0 0 0
297.8 -0.77461 6.7146 6.3631 0 0 0
298 -0.7625 6.8482 6.5093 0 0 0
298.2 -0.72316 6.9301 6.5698 0 0 0
298.4 -0.75584 6.8785 6.5592 0 0 0
298.6 -0.7755 6.7656 6.4755 0 0 0
298.8 -0.76268 6.6584 6.3807 0 0 0
299 -0.79226 6.5791 6.3494 0 0 0
299.2 -0.86312 6.5291 6.2584 0 0 0
299.4 -0.8547 6.464 6.2079 0 0 0
299.6 -0.93674 6.4468 6.2411 0 0 0
299.8 -0.83983 6.4468 6.3156 0 0 0
